1894	740
1920	831
4405	1660
4232	1661
5023	2092
3694	1439
5726	2068
5522	2090
1747	660
3027	1428
4301	1801
4868	2312
4307	1634
5651	2109
4432	1731
3829	1923
2930	1540
7498	2948
4267	1674
5280	2490
7420	4050
4497	1884
7529	3086
3013	1310
6883	3702
4172	2369
5747	2909
6917	3413
6897	3700
5111	1803
7475	3183
5278	2194
5242	2902
3660	1511
4855	2706
5182	2980
2926	1200
3723	1364
5205	2900
7590	3378
3028	1649
7790	3820
5158	2617
4670	1709
3456	1588
3957	2226
5008	2525
1819	738
3684	1857
3623	1808
1367	720
3116	1430
5659	2590
5689	2592
3598	1702
1490	507
5520	2794
5518	2777
3913	2275
3760	1916
4896	2814
4199	2437
3847	2021
2917	1062
4487	2050
3654	1377
3615	1416
3863	1613
5863	2604
5736	2794
5736	2794
5918	2615
6904	2719
4615	2191
4774	1954
2802	1088
3102	1373
3710	1601
4594	1515
2992	1005
6823	2392
3536	1089
2802	886
2826	974
2743	980
4480	1635
4194	1966
1810	597
5568	2295
2782	1039
6370	2628
4312	2011
2863	990
2765	972
5224	2367
2808	979
4034	1478
7275	3750
10376	4446
6810	2627
2593	1168
5019	2169
3060	1097
4251	1843
7223	2892
3835	1898
5103	2269
5111	2277
2827	1294
5715	3575
4296	2163
3580	1720
2997	955
2464	882
4053	1840
3069	1027
3317	1529
3316	1600
3075	1561
2351	778
2254	896
3934	1807
3581	1624
3782	1510
2356	804
2783	1028
3357	1236
3685	1507
2200	775
3515	1623
2397	835
2874	1173
6309	2590
3831	1289
3602	1326
1919	720
2678	1057
5117	2336
3364	1650
4005	1481
3272	1118
3081	1143
6933	3066
5765	3250
3178	1147
9390	3505
2537	978
2541	967
2524	1030
2528	959
5649	2517
5324	1912
7368	2999
6906	3057
3263	1037
2787	1651
2280	1055
3361	1190
2730	947
2900	948
2869	995
3860	1594
3541	1893
4125	1963
3630	1360
4320	1840
3064	1016
5232	1979
3484	1114
5482	2179
3800	1259
2657	797
4491	1929
5393	2303
3957	1720
5408	2338
5718	2443
4884	1961
3538	1406
4815	1982
3637	1390
8090	3456
4462	2032
9100	3707
4567	2378
3536	1910
1968	793
5281	3309
3044	1526
4917	3161
5704	3763
2823	1385
4833	1844
4196	1440
1949	1102
3465	1723
2813	1064
3317	1054
3306	1047
4546	2715
3840	1595
2593	846
2549	889
3159	1349
2997	1376
1579	688
9439	3774
8945	3964
2064	1034
3287	1326
3854	1568
2657	819
3652	1608
2250	710
2202	696
2832	850
5792	2334
10036	4349
3852	1608
5716	2407
4573	2347
2674	996
3191	1186
2269	645
4684	1770
3860	1423
5651	2538
3275	1345
4659	1827
2332	842
2291	847
3355	1231
5286	2231
2410	916
3401	1231
4831	1685
3083	1202
3655	1521
2744	1179
2326	892
5454	2769
4509	1749
5260	2312
6227	3233
1209	622
7788	4022
5193	2323
2268	784
6003	2922
3299	1090
1458	553
5202	3219
2450	873
3530	1685
3948	1257
3835	1410
2543	1078
4260	1802
3439	1673
3161	1232
3663	1511
2789	985
4580	1825
2722	1004
2545	900
2730	975
2768	1001
2507	1098
2481	952
2517	990
2508	955
3841	1228
3286	1159
2666	772
4456	1524
4729	1769
5797	2221
4452	1266
3324	1037
3369	1022
4167	1964
7392	3569
4353	1796
3405	2406
7356	2929
2296	1105
7603	2548
4810	2454
9158	3803
2868	1119
4159	1478
3266	1695
3654	1863
2996	1298
4643	1765
5347	2754
4780	1733
2913	1107
4659	1810
5771	3139
4705	2728
5347	2766
3889	1416
7314	4483
5363	2784
3597	1820
3685	1743
4284	2268
2675	1179
2205	1052
5833	2228
5800	2256
3290	1421
3474	1652
2982	1229
3084	1372
4422	1893
5067	1694
6591	2899
4437	2628
2881	1349
5825	3199
5784	3177
2912	1005
2981	1237
5720	2509
3712	1706
1852	1019
1885	869
3246	1508
2367	1256
6900	2866
6824	2823
2042	1063
4284	1709
4301	1740
4366	1721
1828	574
2895	1392
2174	841
7262	2953
4542	1861
4739	2055
5353	2241
2793	967
3577	1216
3866	1860
2282	783
4576	2056
2471	923
2501	911
4477	2061
2760	961
3347	1368
3233	1341
3153	1093
3543	1068
2661	893
3167	1268
4420	2218
2712	923
2532	994
3028	1075
5025	2016
2892	1245
2651	1023
3741	1279
2601	877
2778	1014
2576	863
7429	3073
2939	1323
4757	1824
2616	924
3911	1784
2604	1033
3044	1052
2859	1063
2593	1030
3290	1330
7613	3031
2411	759
3770	1719
4004	1815
4567	1849
4262	1745
3136	1310
2807	947
3606	1421
4292	1972
5890	2629
3287	1183
4288	1888
5677	2180
6847	2843
5256	2178
2683	1021
4918	1964
3852	2062
4742	2120
4781	1582
5789	2407
4394	2082
4311	1603
2823	1014
7390	2815
2809	1070
3864	1152
2437	965
3898	1781
4028	1988
4063	1758
4256	1896
5266	2745
3332	1145
2688	1066
3736	1325
4178	1798
2769	997
1705	812
3795	1545
4407	1646
2663	838
4370	2167
5431	2463
3120	1253
3136	1225
6739	2909
1253	408
2875	1529
2452	1033
127020	88468
24277	18425
6918	2944
6261	2509
4864	2106
7278	2844
10015	4576
8632	4089
9850	4951
8017	3603
5091	2497
8851	4175
6914	3133
5570	3123
7033	3268
12481	5194
9453	4855
103780	44669
62117	26116
90422	40571
48386	20555
90012	40250
90712	42733
48029	23316
52484	23907
49728	21777
49649	21824
92591	42219
90780	41733
114455	43449
90913	42072
110495	45755
107769	44901
109041	44638
107554	45080
86549	41130
100219	42523
100141	42675
77717	36268
105288	44329
108913	42772
112747	48469
53280	25350
43926	20947
51272	23440
60220	28075
57605	25129
49140	25642
109067	46173
45817	23391
62479	29372
57647	28292
70659	34832
69706	32803
75661	39260
54872	25368
53044	25807
52920	25696
72008	33441
71647	38251
97894	48110
77991	39709
52378	25397
66190	34296
50321	23873
61654	26914
46299	21664
49451	22316
50380	22456
55827	27523
99095	48730
98895	48734
78501	39140
57610	26697
85288	40218
73963	33394
48239	22949
54949	27843
44548	20861
53532	24267
48282	25693
56681	24548
69403	37121
47128	22455
49706	24764
49706	24764
49559	24134
92395	48373
70913	36905
82338	42011
51348	23986
51601	24015
69806	37272
70317	38046
72794	33317
61917	28287
75637	35242
68422	33907
50238	23167
49532	23405
78983	35794
56399	27991
59416	26455
59591	26493
59634	26573
46241	22456
50109	24129
50013	24457
84013	38804
41088	19980
47524	23285
59260	30914
53234	27048
68422	30209
70378	33477
57426	25502
61714	28025
94974	44967
62043	30056
61047	28509
54955	25382
56912	26652
54827	25593
53737	25310
53932	25340
47131	25106
47470	24989
44232	23101
91120	43105
85299	42113
74802	34160
74721	33066
56780	29329
72546	34590
87494	45344
54150	26335
66344	32487
81055	37089
83077	39282
59794	29292
48241	24395
48393	23075
64907	35602
46732	27169
47677	24634
80436	41852
81067	42315
62126	31332
54816	28308
41126	20676
52855	28457
73360	36528
67648	34208
80666	41768
80830	42049
68046	32488
46840	22504
74765	36377
51005	23965
50091	23580
50102	23494
54874	24260
54544	24349
56589	25533
87332	41823
52037	26572
36111	15481
77672	40091
81736	42601
54518	25497
55791	25449
71142	34695
57610	25349
51786	24258
58577	26384
54494	27782
54169	24213
44657	21391
49433	25372
91142	43971
79611	39707
49093	25773
49247	25915
45449	23086
60666	28806
57070	27130
61206	29173
55326	24758
91614	47791
91496	47876
60167	28562
56075	25654
60934	29066
59811	28555
60728	29115
60878	29004
72519	35193
57806	25654
56246	25570
61070	28970
59038	28879
60346	28934
56654	26964
60128	29462
58886	28342
56532	26943
59483	28463
58672	26465
47835	22330
59853	28753
52351	23254
43573	22960
60370	29049
60570	29353
59142	29036
41967	19595
59409	28620
65447	32633
62936	31248
95062	48048
60722	29701
56562	26904
61767	29609
60126	28616
61197	29176
58071	28373
61322	29324
55201	24994
57304	27032
54718	24706
53087	23693
53211	23693
76324	37627
60102	29167
58498	27350
63167	28974
96398	43106
57741	24622
57016	24560
55577	26931
107056	47753
102646	47929
103286	48005
61960	29815
44014	23558
47983	25280
56633	24782
57098	25051
53666	23357
52577	23446
53614	23550
70425	33654
81504	41680
54601	24830
55117	25612
55270	26359
74414	35919
75667	37156
33853	21986
54857	26160
55346	32051
53049	26480
73412	36422
77364	41096
46052	22659
61425	31628
54423	28648
46078	24956
51107	27987
58754	28596
58821	28949
93100	44425
54959	42593
47574	25597
62932	33361
49571	23336
87606	43686
45802	31278
52117	26482
63133	31697
68953	37169
58712	37535
69142	34425
185318	104032
71391	38373
71373	38245
63639	34703
60607	36904
104255	64115
59658	33443
81015	48752
95668	54327
110403	64894
84701	52511
98479	61899
54306	31462
50239	28371
88034	50156
78251	46827
123310	74181
95457	58385
68599	41479
109467	62972
73114	43176
68117	39479
66758	39114
63296	36950
62480	35994
106388	60713
96612	55364
51664	30112
102392	63108
103313	63259
111371	64482
86586	48580
111302	65765
74740	43386
89475	50981
63800	37379
91064	55898
96785	60599
105455	64936
79116	46519
104449	63701
59935	34821
60788	33698
112974	64976
74291	33740
95628	56231
102777	60556
60160	33495
102840	63536
59267	32368
101296	61996
117845	63867
115621	62897
88450	46305
96796	58308
96254	53494
73100	43590
109956	63601
62190	37168
69225	42369
94468	54542
137172	72535
61037	33991
78198	49166
81338	46691
139173	74403
141642	79339
111227	60572
76166	40893
118036	65380
132375	72158
104781	63510
104050	63713
103374	63602
103935	64209
61557	33640
108885	62350
90997	53498
113689	68415
69912	43710
71002	46399
105937	64024
103052	63435
100311	59034
70665	44757
134736	82802
139759	90174
102937	62715
89159	51376
103926	63718
96753	54050
136676	72356
90828	55078
76892	42242
97948	59269
96394	58016
65302	35858
82011	49654
97383	55531
104011	63379
103135	63686
77238	42098
64838	37453
111052	62160
98426	59369
159078	89736
62991	36122
56593	33079
59564	32780
114577	63281
34273	19960
104192	54122
97119	50942
112779	62462
104169	63660
55702	32364
59796	34598
104488	63893
36195	23530
123845	68377
123890	68305
60970	33652
21882	10746
24532	13369
21234	10942
19059	10310
22619	11237
21373	12056
9030	6125
48046	30702
27285	15068
17520	10236
15715	7468
14251	11237
21168	10807
25562	15266
25928	14355
16349	8382
14561	7252
26267	14797
16523	7687
26204	14408
26477	14779
21031	10587
25189	15024
21251	10765
21977	10453
21001	10467
26160	14625
28599	16305
24129	16096
25955	15460
21486	10095
27508	15940
15047	7052
21125	11994
68927	44470
25189	15285
15435	7738
27863	16320
16062	9065
26547	14450
58630	40994
16138	8229
16574	8022
26774	15703
20798	10174
145556	78355
54364	26706
324158	152771
324341	153055
319984	150420
406694	168306
160700	83209
307355	161349
251322	129094
158411	78504
266753	134623
149365	80561
250427	125171
255563	126580
183170	89820
255797	126932
268205	134104
255356	124818
256455	124007
256254	123650
253768	124190
245016	125205
157381	82116
201147	109806
193971	98834
267815	134681
267471	134066
248823	124632
221978	112232
247245	128550
180611	92889
165791	87772
248236	124881
201916	102678
267951	135360
259673	130984
263754	132550
230663	129179
326221	161635
209574	101879
148744	82905
171287	85841
171311	84586
283086	143033
219778	113178
284930	145940
137624	71539
133436	67797
336930	165409
251388	133734
259125	135543
390003	168794
230821	114522
374184	160114
219383	111418
138319	79893
127765	103480
255316	123673
314976	161368
421506	190954
316713	155727
367382	233288
281687	188047
240337	134177
17311	10551
21434	13186
18090	11745
17656	15095
86114	55909
32958	19016
39180	39448
16989	12397
25775	18119
35207	30007
26135	15167
25217	16655
64411	47117
52317	36595
350472	254673
40475	22299
290393	152910
253531	130561
739	349
767	372
752	345
705	281
624	286
608	274
719	280
638	247
599	220
652	206
638	249
651	281
559	282
665	284
669	263
690	281
648	263
649	273
732	254
693	204
586	229
659	276
24277	18425
103068	48384
56548	29428
45783	23325
49883	26537
53307	27465
68828	37109
63222	27395
76245	45405
50418	22044
48356	24818
63805	34511
253152	140479
80451	45440
7483	5267
11236	9368
9698	8657
15496	8017
7487	4159
24081	14046
18233	11651
2515	788
3587	1409
2277	910
1624	694
9586	4576
2621	1232
6716	3785
20529	11759
87247	61095
15986	8800
3262	1942
8525	4268
7334	4358
7573	4506
5100	2574
5840	3533
4903	2107
4737	2479
6047	3453
6742	3817
6825	3912
5087	1989
4850	2734
4368	2031
6366	3225
7046	3924
8374	4599
6801	3405
8306	3478
7142	3508
2633	1046
2550	1228
9364	4605
2429	1243
2130	921
1781	646
2086	921
8180	3520
9258	4689
8361	4220
7560	3899
7248	3165
7028	3671
6358	2940
6745	3479
6215	3534
6876	2871
3805	1868
2628	1334
2171	1025
1497	577
1698	758
1812	640
3419	1232
1584	666
4781	2380
4357	2024
8226	3578
5925	2572
4495	2446
4850	2574
5602	3002
5288	2546
6176	3504
4831	2649
4706	2336
4187	1638
44793	22935
5136	2792
38821	17880
9937	4512
13301	6338
19322	10029
26993	13930
8169	3055
7790	4102
2228	763
1787	609
3130	1687
2006	939
2537	1310
5772	3201
6876	3544
7049	3762
7886	3851
7844	3827
7902	3859
5927	3082
11371	5343
30217	20113
16158	9708
2317	828
23859	15605
47896	31946
23594	15050
61348	44815
140042	101755
63743	43746
51798	40361
104664	72438
46280	34672
33235	23569
10838	9151
3004	1460
6977	4690
6477	4126
8350	5446
12897	8782
8548	5830
3972	2941
29127	18991
59264	39776
158291	86567
106758	53722
191895	116518
18794	13583
10177	5297
7293	3693
15359	7436
13180	6705
135462	94919
12906	7227
18062	11449
21879	13597
10791	6347
18228	13122
16846	12236
15770	10403
24313	15816
15127	11072
49905	33553
90721	61922
97911	69752
83198	44400
33828	17822
204153	138444
41371	23942
149919	89354
47327	29036
31751	18561
97323	55275
28989	15391
8119	3638
20062	11298
62944	33178
71182	39598
89486	53051
128305	68591
129130	72245
52989	31901
12147	8033
24734	16640
21435	10603
16993	8265
16138	8872
18293	8564
17187	8669
16252	8480
35129	20591
18679	9531
16956	9069
14703	12291
14454	11867
34514	18410
41781	23699
33490	20047
16330	8036
107780	56712
16510	8045
17926	9811
21942	11696
16105	7825
108541	59894
29027	18227
103744	69678
42807	23050
105299	55234
18146	9382
53355	32990
38345	21482
14922	7822
45853	25948
13041	7298
35695	30498
53068	30867
25755	14640
48634	29809
17397	9961
17931	10635
111837	59145
42132	31021
17699	9219
84537	44260
62909	39744
73105	58781
39659	21107
7230	3295
9247	3697
11772	5275
9571	4739
101157	42954
48283	25529
46392	21128
54546	29430
50023	25508
43249	19973
50983	26723
63459	29383
69362	39349
78236	44487
91671	56182
45446	22856
106083	64700
46201	25661
63058	32928
37064	18163
62421	32936
77428	43874
45657	25989
53119	30058
62897	32995
64331	28044
44875	24725
64605	38926
62741	32965
62401	33298
109343	59728
110435	62296
81967	48737
113425	64677
64130	36325
37147	22662
95846	54389
75307	42852
96631	57240
77519	42461
74975	42012
62785	34299
33586	17349
60984	32660
74631	42974
102389	58042
106114	64803
60816	33967
53091	25612
81458	49667
77873	43225
42962	22569
45625	26441
107409	64129
48353	26999
52876	33433
32756	18494
58489	32775
35570	19326
34018	22130
33211	18412
75828	43115
47995	26304
75992	43232
52852	25263
85309	51036
63041	34241
56165	28263
43662	20934
84349	48776
62605	30175
55170	30350
54054	27030
55968	26047
57523	33199
100595	60592
60615	34156
48132	24184
80195	49659
52878	26044
29793	18682
32796	19403
27055	16350
28118	16986
28076	16653
27951	16710
62030	32797
36175	23398
32987	19402
32414	18204
28030	16605
28250	16560
28009	16572
27102	16459
27316	16894
48009	26961
36582	23516
59692	28952
90491	53125
108852	62568
64323	33141
67398	39023
57527	27290
112452	66879
75044	38237
72732	39887
98285	61454
115582	65028
35716	17967
57793	23350
46906	24177
49496	26497
71870	39687
109976	66511
68273	36671
86677	47703
109885	64282
104533	60867
59632	33215
53155	25599
66356	38732
58169	34641
76724	43579
30648	18082
59689	33409
59087	26997
62702	35090
57756	31377
81695	48572
97494	59859
47785	29349
57193	29916
59059	27366
46086	32066
32647	19388
41526	20929
240775	118151
909	298
514	152
701	304
699	304
650	176
725	331
709	331
488	141
658	195
583	148
755	374
591	176
578	167
613	206
531	173
543	247
645	203
585	231
629	191
774	323
684	178
594	195
607	208
589	205
592	186
854	399
708	326
505	186
671	346
589	200
733	350
700	308
712	328
629	291
539	196
551	208
723	329
692	283
542	220
560	251
674	288
528	228
507	191
507	188
691	301
689	331
703	335
703	335
583	253
733	343
675	321
510	170
540	227
678	297
503	236
650	317
457	213
527	225
671	285
683	293
485	221
531	221
679	271
741	308
499	192
543	251
569	259
528	242
547	223
658	308
571	208
495	212
553	177
527	217
698	341
692	283
662	278
550	234
545	244
541	230
684	280
543	126
810	541
539	225
673	276
695	293
705	345
671	345
660	304
682	287
678	291
510	246
522	188
499	178
549	236
704	331
698	305
769	319
534	207
743	305
750	336
693	319
487	161
664	330
697	300
572	163
588	235
565	183
505	201
644	343
256	93
17	0
52	7
97	17
81	9
4	0
7	0
46	3
52	2
52	1
10	0
7	0
6	0
96	12
26	1
29	0
59	5
8	0
10	0
5	0
247641	123477
90	12
15	0
24	1
46	0
24	7
72	8
280	111
19	1
5	0
20	1
34	0
34	0
73	3
5	0
8	0
5	0
233	82
72	3
60	4
8	0
4	0
6	0
4	0
6	0
4	0
39	3
7	0
5	0
5	0
318	122
3	0
6	0
8	0
7	0
36	25
26	0
11	0
8	0
12	2
5	0
19	1
5	0
5	0
9	0
9	0
9	0
27	0
12	2
7	0
67	6
27	0
19	1
130	33
21	3
17	0
27	0
46	4
10	0
9	0
42	2
14	0
4	0
8	0
24	0
37	17
42	9
31	1
13	0
28	3
62	10
42	1
20	0
6	0
33	2
21	1
136	56
54	7
316	136
239277	119988
9	0
5	0
29	1
18	0
25	1
41	0
64	2
65	3
18	0
4	0
28	0
5	0
539	263
40	1
15	0
9	0
34	1
10	0
8	0
5	0
5	0
278	104
4	0
4	0
4	0
31	1
37	0
256	93
8	0
11	0
256	93
8	0
5	0
33	0
64	2
249	81
41	2
246	18
101	25
134	34
90	11
113	24
35	5
13	1
313	122
13	0
67	7
292	101
285	115
312	106
67	3
70	4
263	52
232	46
314	152
23	1
68889	32604
65	3
62	7
310	117
348	142
252	90
5	0
102422	47207
334	127
247903	123207
102178	47010
23	3
6	0
10	0
157	25
34	8
642	205
344	83
53	2
680	210
112	29
59	10
9	0
246057	122446
9	0
239	65
245624	122395
103627	46728
53	3
282	146
3	0
65	4
49	4
123	30
94780	43942
22	1
158	11
250	18
258	18
23	0
14	0
6	0
13	2
27	0
129	30
289	109
263	107
804	279
93	7
233	17
257	22
102818	46206
59195	26209
6	0
51	6
135	16
23	7
34	0
4	0
7	0
9	0
199	61
242	97
17	0
47	2
48	3
49	1
11	0
43	10
7	0
35	2
377	104
24	5
322	129
5	0
3620	1407
22	0
3748	1701
12	0
32	0
334	134
29	0
33	1
17	0
105	21
214	90
38	1
7	0
252548	125996
240	113
183	59
334	134
15	0
15	0
15	0
15	0
307	131
289	141
276	141
197	63
175	24
177	25
186	23
173	18
9	0
74	8
5	0
4	0
47	0
6	0
75	4
67	2
180	44
34	0
8	0
7	0
10	0
265	110
6	0
49	7
46	9
416	124
24	4
12	0
22	1
8	0
11	0
15	2
120	20
101078	46343
9	0
213	40
326	130
334	133
317	130
254	94
85	9
135	41
55	1
351	141
62	4
8	0
22	0
27	0
62	3
285	135
148	13
21	0
10	2
15	1
245859	122240
9	0
44	1
90	11
90	11
90	11
90	11
90	11
88	11
90	11
90	11
90	11
90	11
90	11
983	519
14	0
13	0
8	0
1052	595
6	0
17	0
32	2
130	42
157	65
169	46
139	37
174	55
165	64
136	41
125	41
184	56
169	40
182	47
130	42
172	47
125	41
172	44
115	42
157	46
161	55
127	29
157	46
126	25
125	41
163	37
148	36
153	40
124	37
165	52
129	43
145	41
153	56
150	46
119	22
301	107
233	64
315	107
312	104
269	95
157	40
163	42
108	38
109	36
48	4
116	28
48	4
111	30
165	33
171	44
165	42
166	60
140	38
187	39
165	64
185	45
157	46
162	55
174	64
169	52
160	43
117	32
169	53
145	58
118	18
272	97
372	103
432	269
255	47
306	96
381	188
330	98
335	88
325	85
427	147
453	287
394	90
226	67
234	70
315	79
380	127
5769	2579
5535	3692
5527	2239
8330	4687
6456	2798
6497	2713
866	336
800	241
925	331
1292	815
1356	834
885	475
1069	552
1125	460
866	399
812	316
825	341
761	269
827	281
1261	745
1226	659
1127	539
1443	724
1437	851
3152	1820
2634	1433
2916	1651
1874	892
1878	889
2730	1112
2812	1133
2873	1168
2814	1135
2823	1177
2686	1122
357	59
344	50
358	51
471	180
387	56
465	179
464	179
3897	2011
162	34
163	31
223	43
172	88
232	109
125	71
232	109
220	75
298	130
180	42
178	40
154	42
175	37
146	40
168	45
172	27
234	103
113	23
77	11
72	11
72	11
98	25
48	4
73	9
74	12
98	9
91	20
122	30
113	25
138	28
112	27
60	8
146	23
82	11
77	12
61	8
118	26
75	9
73	21
129	19
76	16
71	9
102	23
88	6
126	37
589	320
571	312
572	323
584	321
566	319
467	318
578	297
582	346
585	283
602	296
600	320
594	320
495	345
448	302
475	319
575	310
578	317
288	142
82	13
122	30
92	24
94	18
109	24
47	9
98	13
103	21
76	17
555	297
50	5
60	6
79	10
104	24
571	320
569	297
140	45
138	32
141	57
142	44
156	41
139	29
156	41
163	53
141	42
138	40
126	13
127	22
93	14
124	17
79	14
92	7
127	22
128	15
132	13
124	15
78	4
78	3
135	16
147	12
83	3
130	18
121	20
134	18
128	16
127	22
127	22
118	19
132	18
121	20
128	16
84	17
71	17
139	23
92	6
143	15
121	20
143	15
102	18
120	19
124	17
117	14
138	20
139	25
141	19
135	26
153	60
146	28
168	21
139	24
132	29
129	29
129	29
129	29
128	26
129	29
136	26
603	281
567	262
523	284
614	303
577	265
444	237
492	263
385	175
604	295
515	276
482	199
569	295
389	181
596	303
569	272
569	307
562	269
400	176
620	276
580	279
491	236
525	243
601	279
7232	5140
7895	5748
7981	5656
7867	5490
128	29
132	24
1682	1151
1733	1146
1492	540
1497	481
1909	1188
1959	1026
1454	857
1502	877
1467	767
1510	557
7903	4924
7727	5079
7779	4896
7896	4896
7934	4935
7903	4988
7795	4890
7714	4821
7886	5083
7787	4987
6644	4187
6142	3913
191	99
181	97
242	85
208	72
275	90
288	111
259	101
273	95
289	108
271	103
206	78
245	93
207	81
176	48
172	48
169	48
193	52
252	72
255	84
225	73
188	97
293	158
299	86
285	107
239	100
239	70
247	89
228	82
155	26
188	83
262	107
275	111
197	70
253	97
189	67
170	55
230	91
218	91
228	88
174	26
174	36
239	75
183	79
258	76
276	92
276	92
270	86
285	99
230	77
219	121
161	54
238	73
250	82
275	89
216	71
221	84
207	76
210	73
222	91
265	94
222	66
260	76
222	86
217	26
202	73
250	83
210	51
211	78
201	81
205	60
225	64
236	78
205	84
233	81
200	67
172	93
213	81
172	100
131	37
190	53
156	46
156	46
171	55
171	76
187	28
187	28
181	56
132	32
123	35
129	36
122	29
127	30
144	45
142	45
241	101
225	62
233	78
232	65
232	65
223	69
239	79
253	108
277	111
255	92
274	104
273	104
227	100
243	108
269	74
267	107
230	99
209	71
187	87
211	55
145	58
215	96
161	55
273	111
166	53
219	103
201	53
222	82
182	71
266	60
188	51
258	103
254	102
253	95
207	54
186	49
237	73
216	38
230	81
208	56
181	39
216	63
222	67
213	99
200	84
237	88
219	75
243	80
241	78
221	85
239	76
224	80
248	93
199	76
188	66
191	57
227	88
197	43
188	34
201	21
216	108
218	53
183	60
181	57
166	65
185	71
207	85
189	52
255	107
234	74
227	64
210	52
186	72
164	57
179	72
226	68
243	86
195	70
232	73
199	74
192	57
185	62
181	61
195	56
175	82
233	79
186	61
191	64
176	63
175	55
175	52
154	47
185	57
132	49
193	70
230	73
189	76
218	74
184	56
280	96
323	105
261	93
301	114
286	102
199	20
280	95
256	99
350	130
289	123
315	135
282	108
247	108
249	36
291	137
329	131
303	155
305	130
303	118
272	118
304	98
313	128
278	108
310	100
282	86
235	47
280	153
227	76
218	73
203	60
193	57
234	65
188	55
196	54
203	52
217	59
169	59
214	44
224	55
236	85
230	45
219	50
258	92
258	94
223	81
208	68
193	75
245	67
236	84
224	81
225	66
233	74
365	163
232	85
244	71
246	73
227	72
158	36
213	62
253	85
220	74
264	86
236	65
202	51
181	44
205	68
196	52
239	110
231	48
151	50
212	90
171	45
162	44
187	59
270	105
273	85
255	79
281	82
285	76
223	88
251	55
276	112
209	54
222	70
167	69
165	46
179	56
189	65
151	30
164	27
164	27
205	71
279	114
177	69
236	92
197	58
274	96
316	136
261	68
292	82
255	80
205	62
206	105
235	88
201	81
206	113
178	38
188	68
208	71
287	107
215	68
228	65
228	100
228	59
213	68
223	71
235	102
272	133
132	21
168	43
214	53
170	41
158	47
158	30
151	31
141	24
154	33
151	30
258	87
223	93
235	76
203	70
234	89
207	92
244	119
227	104
205	70
227	84
209	89
266	96
245	83
189	43
213	113
217	63
96	28
106	13
210	89
268	102
216	81
236	96
168	60
182	47
182	47
198	59
166	42
186	44
197	54
145	29
144	27
157	19
305	81
271	89
342	95
253	95
295	119
380	152
331	91
347	107
316	106
332	131
351	157
350	134
370	153
325	119
301	110
264	68
328	175
307	150
331	151
221	67
221	86
132	36
125	49
160	72
116	24
112	22
225	87
206	82
227	88
256	90
208	90
208	85
215	88
265	98
242	95
262	89
267	101
238	83
249	86
251	87
249	86
191	56
210	65
196	75
223	60
250	54
234	47
230	107
244	82
222	70
188	64
216	75
186	54
192	67
239	92
252	122
204	86
244	47
237	88
224	70
244	116
212	75
225	69
165	35
177	29
173	40
322	120
200	95
303	115
266	109
301	108
257	87
284	119
270	79
281	62
274	72
277	80
278	83
210	55
270	125
215	98
179	48
233	80
193	59
164	51
156	41
163	39
166	56
187	60
143	41
156	36
141	42
182	52
213	68
195	50
160	45
160	45
189	50
231	98
239	92
245	98
274	136
253	94
213	86
208	74
233	65
206	74
236	102
214	104
192	85
193	61
184	51
173	69
130	34
143	35
151	52
151	34
259	78
250	76
235	79
234	88
236	99
303	88
296	99
301	112
294	117
222	71
269	92
261	81
288	106
262	77
188	40
247	62
286	78
247	106
254	106
211	64
169	55
242	115
171	44
171	37
159	33
212	51
165	55
203	62
171	59
159	38
157	35
180	52
233	59
220	60
229	67
233	59
221	49
219	57
360	149
316	134
316	134
297	114
289	117
324	117
325	124
226	92
325	178
321	158
265	110
185	57
181	62
165	36
191	84
145	36
162	51
182	57
172	54
186	63
190	50
130	64
140	65
145	60
134	57
363	139
356	147
346	158
356	147
208	83
363	141
197	114
159	22
320	104
329	98
322	120
78	13
256	73
288	123
337	125
345	183
218	68
341	107
232	25
257	26
174	96
259	99
212	56
231	75
293	98
128	32
214	71
219	58
194	77
178	66
195	77
341	102
321	108
178	64
296	79
330	113
315	108
280	78
328	121
143	37
247	122
130	32
310	97
236	92
255	68
239	84
276	95
291	72
81	6
302	106
327	130
265	99
336	101
382	171
381	181
351	147
389	191
461	187
3703	2022
3254	1009
442	163
298	76
3989	2121
940	257
326	135
2775	1180
2923	1212
2877	1071
3946	2410
2929	1217
2781	1189
3060	1459
2963	1054
3636	1967
2284	1002
2831	1482
584	234
2513	1262
2699	1251
1231	273
2359	1131
2999	1963
2099	782
3243	1872
2191	823
2089	812
2932	1682
2741	1262
2409	1288
2671	1247
2331	865
2677	1201
3307	2023
504	194
569	221
457	248
415	137
347	160
383	120
614	239
842	423
479	255
3365	1466
2974	1069
458	158
2303	1124
3312	1282
425	155
497	187
468	164
611	217
2836	1312
2624	1114
2686	1049
2685	1059
2619	1132
3025	1226
3002	1428
538	244
1929	877
1727	817
7300	3817
3350	1402
531	194
2323	1012
561	235
544	214
2199	1240
564	270
2689	984
2701	956
514	242
568	222
425	174
514	218
2786	1342
2446	912
2130	1014
1871	814
3178	1704
2540	1413
3256	1295
3250	1310
909	355
352	142
378	165
378	165
1037	501
539	219
3394	1815
3397	1855
361	188
2877	1110
3347	1455
1913	1083
379	114
512	186
339	110
2262	830
3177	1061
4058	2104
4075	2095
2902	1040
3542	2033
4054	2168
4123	2034
3128	1100
4055	2206
2940	1020
805	361
2101	1182
278	82
2087	790
1957	775
2544	1375
3055	1227
4433	2022
527	192
489	213
2917	1031
3211	1567
475	217
3601	1514
522	174
1085	262
2440	1075
347	146
374	170
156	48
622	243
561	219
4767	2054
3253	1288
3478	1652
571	228
551	262
548	272
2960	1332
3265	1508
3330	1440
3827	2096
2945	1362
3002	1400
4255	2273
2792	1474
2887	1371
2357	1054
6487	3490
5846	3198
5864	3449
227	82
365	157
351	167
704	318
694	294
3649	1947
3336	1578
3599	1693
352	121
3088	1565
2586	1011
2417	939
2423	1342
2330	1034
3335	1476
2522	1275
2585	1170
2499	983
1239	458
4084	2285
3506	2064
3394	1806
2354	1034
2644	1276
2527	1288
2524	1303
1849	918
2079	775
2637	1378
3456	1831
3279	1503
529	218
294	115
466	189
466	260
2591	1025
3165	1422
4337	2167
522	200
2497	949
2959	1163
4123	1426
2298	1086
4222	1932
2631	1070
2667	1118
2417	1107
444	245
3254	1572
3334	1400
343	173
368	183
304	93
282	142
287	107
342	131
324	185
321	137
301	102
318	136
280	116
280	72
372	173
520	195
541	183
520	203
2512	973
442	169
2320	987
519	243
347	158
503	223
1949	644
434	226
3343	1478
3430	1491
3086	1462
4591	2257
3089	1337
2375	1131
3266	1522
465	213
509	189
923	325
3389	1744
4359	2233
3212	1608
3332	1551
550	207
481	183
2890	1134
3192	1241
1930	789
4241	2331
375	136
3485	1487
3579	1409
2548	1181
2306	841
2493	1309
2695	1238
2372	1255
3218	1322
2648	1369
396	199
3003	1468
379	155
502	231
528	173
252	51
505	172
492	177
517	200
3288	1191
5301	2371
5194	2412
3416	1178
592	227
3298	1380
3361	1360
3244	1928
474	181
345	169
318	190
7369	4108
7716	4839
7119	3986
6370	2840
5041	2459
7062	3870
7120	4058
6958	4024
8686	5049
491	213
491	213
2810	1057
2420	1194
2263	1401
2166	871
540	197
487	221
443	156
878	231
2177	1186
2168	1159
336	149
406	156
223	114
235	73
344	152
2572	1070
353	156
237	76
2853	1152
2768	898
3054	1033
372	86
470	218
416	92
2619	987
3047	1560
2460	1358
3220	1160
2175	1020
3360	1436
500	193
3351	1462
2191	771
2218	1018
2710	1341
679	234
4034	2064
4009	2077
470	230
417	216
4036	1941
3504	1625
1893	896
2322	979
3217	1380
2850	1205
3793	2360
363	166
2578	1224
2669	1234
3378	1836
2765	1304
340	77
520	215
551	254
520	216
521	226
2625	1011
2662	1056
390	206
307	143
287	155
518	192
547	206
2665	1070
500	174
500	174
2020	919
2062	917
549	175
4661	2221
2711	991
4094	2376
3101	1398
3156	1398
3341	1568
3101	1372
2740	1530
11557	6463
280	63
5573	2948
5900	2845
5852	2844
2664	1075
46	2
3327	1461
4345	2257
6486	3390
5594	2819
5597	2802
5479	2987
4990	2545
4987	2636
3909	1875
3382	1491
3425	1530
3870	1756
4690	2149
5068	2356
5502	3025
1876	932
5128	2935
2036	795
2043	947
3527	1587
3569	1622
5644	2987
3990	2549
4106	2551
5219	2502
2940	1607
1418	584
3919	1655
3269	1453
3420	1449
3263	1462
3238	1190
2763	1245
4330	2350
5348	2710
3860	2097
3144	1219
3128	1204
2630	1100
6194	4042
6165	4033
4306	2468
5303	2958
3447	1763
3438	1676
3968	2187
6752	3634
4706	1814
5019	3467
4887	3292
3080	2409
4614	2046
4611	1872
4266	3062
4333	3110
4403	3060
2693	956
4553	2212
3779	1783
4724	3028
4640	2909
2899	1489
3729	1537
3736	1527
4248	1746
5868	3167
3739	1571
3804	1534
4015	1909
5257	2696
3451	1465
2464	1111
3974	2452
3273	1970
3447	1440
3488	1455
3744	1575
3812	1535
5073	2830
4660	2953
2549	1020
4276	1995
4537	2028
3931	1792
3964	1809
4496	2135
4512	2157
3831	1701
3863	1718
3925	1748
3983	1740
4247	1575
5734	2419
4356	2303
4662	1690
2869	1480
5345	2783
4373	2111
4475	2114
6071	3304
5221	3244
5221	3244
3811	1673
4198	2387
5251	3116
5289	3243
5270	3270
5289	3243
2689	1151
3633	1573
3690	1882
4011	1568
6149	3324
5494	2424
4087	1973
4460	1671
4327	1719
3098	1226
4709	1860
4013	1442
2549	1698
2332	1086
1424	574
3037	2315
3037	2315
4253	2478
2043	979
2768	1572
3302	1668
5467	2696
3248	1520
3285	1544
3091	1478
4073	1943
4971	2391
4088	1644
3500	1421
4320	2244
2867	1428
2440	1260
4432	2578
2422	1379
2066	907
1998	956
1968	939
3049	2181
3139	1357
3730	1756
2880	1747
2414	1170
3279	1480
3224	1449
5348	2701
4547	1779
4343	1765
3747	1431
2751	1543
2248	685
931	477
3973	1912
2331	786
2448	853
3249	1358
3290	1352
2707	1067
2971	1320
2674	1051
4715	2815
1189	501
1961	795
4836	2999
3624	1926
1700	932
2993	1166
2681	1121
4372	2504
2337	1028
1214	475
3578	1529
3509	1429
4790	1815
3666	1756
4492	1635
4367	1638
4454	1616
4415	1594
3799	2077
3231	1423
2252	984
3921	1665
4033	1769
6187	3428
6157	3413
2578	1175
4084	2098
2854	1329
2834	1320
2858	1303
2910	1399
4955	1956
5177	2542
5429	2983
5171	2557
5533	3177
2718	1540
2960	1500
4918	2589
3538	1666
3902	2757
3902	2757
5665	2797
3363	1562
5512	2751
5512	2761
5486	2781
5449	2755
5469	3079
2542	998
4002	2568
2576	1086
3457	1471
3581	1581
3560	1573
3552	1556
3568	1564
3744	1994
207	55
5097	2574
3385	1567
3532	1527
550	299
2489	955
5806	3071
2693	1113
4618	1615
114	34
3989	2202
4056	1671
5306	2954
2811	1699
2811	1699
4146	2231
3399	2021
3152	1488
3383	1969
3426	1992
3279	1897
5257	3032
5206	2938
3576	2006
3605	1989
3556	2012
2720	1450
3708	2055
3650	2046
4612	2718
3491	1375
3798	1811
6677	3492
2948	1248
2976	1275
4645	2957
5072	2963
5163	2993
2643	1001
3336	1823
4664	2766
3408	2190
3017	1391
2824	1495
3043	1400
2834	1398
3936	2160
3935	2237
2836	1501
2849	1518
3922	2207
2887	1528
2822	1496
2846	1506
3917	2247
3940	2228
3771	1849
3115	1529
4424	1973
5462	2916
5637	3072
3517	1251
3896	1821
2661	2091
5691	3548
3613	1843
3910	1929
2804	1754
5038	2547
3639	1771
5007	2644
3934	1889
4965	2705
5273	2691
5229	2436
5358	3301
6251	3017
6239	3017
7146	3522
4984	3472
4947	3446
4805	2161
4676	2177
3738	2008
5012	3424
4989	3369
4863	1999
5434	4079
5300	4093
4921	2275
4839	2050
5704	2941
5787	2998
4970	2229
6188	3014
4711	2064
3882	1627
3861	1662
5369	3425
4562	2502
4971	3269
4922	3098
4875	2019
6354	3056
4823	2027
5141	2444
4888	2143
5646	2776
3704	1783
2732	1194
4810	2044
3559	1729
3613	1751
3611	1747
3670	1772
3676	1753
2762	1967
3078	1191
3639	1647
4557	2004
3898	1891
3626	1599
4043	1882
3950	1881
2862	1209
4225	2032
4232	2080
5505	2558
5034	3050
5173	2948
3604	1787
3904	1474
4287	3174
4287	3174
3983	1907
3977	2550
4580	2714
3469	1696
3415	1564
3991	2223
4453	1592
3380	1436
6398	3696
5520	2899
1142	436
4528	1925
4260	2223
4286	1650
4454	1637
2696	1268
3321	1328
6520	3281
4399	2019
3442	2457
3982	1771
5870	3815
2232	1173
1783	792
2784	1524
1825	642
2028	1158
3831	1702
3757	1667
5061	3090
5052	3101
4242	1633
4151	1878
2667	1228
2667	1228
2205	1605
4201	2038
4133	2009
3016	1550
4248	2420
3849	1419
4823	2579
5948	3153
6170	3299
6248	3430
3857	2173
3008	1641
3917	1620
3321	1521
3650	1415
3672	1428
3717	1478
3165	1607
3178	1614
2500	1073
4071	3078
4243	2148
4864	2410
2993	1269
5736	3051
5692	3024
983	513
292	116
379	178
3138	1468
6124	3116
3790	1701
1611	681
2618	873
2728	976
2722	954
2500	1016
1880	599
2914	1590
2373	1599
2455	884
2651	1416
2807	1568
2728	1403
2594	1481
2837	1576
2878	1426
4168	1803
6452	3023
5418	2977
6256	3252
3905	1701
4469	1632
4531	1687
4510	1657
4170	1903
4553	1689
4630	1683
4507	1667
491	244
3513	1470
2792	1024
3310	1420
3215	1306
4663	2433
4584	1631
3268	1374
3169	1300
3248	1371
3263	1326
3049	1332
4448	1619
3224	1518
3243	1523
2693	1297
3074	2216
3384	1397
3865	1523
2518	754
2908	1301
5817	3943
5651	3622
4017	1455
4088	1488
4087	1488
4004	1435
3971	1488
4003	1435
4028	1459
3478	1855
4244	1600
4096	1602
4088	1596
3499	1750
3575	1770
3397	1640
2886	1338
2884	1306
6375	3264
6633	3269
7037	3613
4366	1974
4611	2837
4606	2833
2955	1291
4263	2376
3830	2119
2875	1319
2894	1313
2869	1336
2852	1314
2897	1347
2885	1340
4289	1762
3075	1311
3346	2052
3239	1929
2745	1265
3189	1374
4750	2916
2853	1281
4789	2225
5166	2938
5832	3244
2064	1103
1686	826
1688	804
5832	3244
1913	705
5894	3181
1979	750
2038	1054
4757	2676
5964	3741
3905	2785
3935	2864
5014	2495
6106	3205
6633	3618
5116	2323
4670	2082
5983	2890
5887	3131
5053	2725
3582	1353
3608	1384
5047	2576
3166	1445
6020	2845
2124	739
1842	642
2116	808
2002	780
1722	604
1676	553
3530	1362
4435	1842
3536	1531
3977	2368
3943	1858
2551	923
2555	906
2551	955
3075	1042
2857	1334
3093	1056
3160	1034
3101	1102
3044	1094
4043	1908
4118	1897
4154	1906
4165	1927
4209	1893
2998	1039
3066	1287
3348	1415
2796	1016
2894	1013
4096	1982
2694	943
4706	2505
3797	1934
2997	1195
1682	804
6244	3480
1463	690
404	98
4140	2066
3877	1875
3918	1862
3877	1875
3765	1923
2646	1027
3879	1875
3074	1406
2949	1407
3164	1419
3540	1629
3358	1446
3449	1535
3414	1454
1825	799
2810	1107
4767	2291
1294	557
2617	988
1522	505
2479	1292
4728	2654
2517	1166
2942	1342
5653	2883
4328	2062
1098	570
4208	2018
3885	1974
3196	1590
6231	3378
5117	2690
6296	3510
452	179
3361	1684
866	493
1041	615
319	48
1755	1019
4285	2357
4947	2533
5397	2693
5477	3101
3541	1922
641	220
3840	2097
5183	2899
4232	2295
3295	1537
4495	2619
2113	1118
2198	1080
2226	1170
2057	1136
4304	1739
6747	3946
4629	2387
6699	3992
4394	2083
4119	2034
3719	1699
3722	1651
3721	1718
4155	2168
4165	2115
3221	1277
4105	2123
3286	1241
3386	1721