0.497	14592
0.482	14800
0.713	16256
0.828	17136
1.444	19056
1.147	17264
1.445	19184
1.444	19024
0.358	12512
0.968	17520
0.706	16256
2.244	22064
0.682	16304
1.202	18304
0.7	16256
1.839	20320
1.256	17680
2.42	22976
0.676	16256
1.613	22064
2.848	26496
3.033	23424
2.744	23488
0.388	13232
1.805	22768
1.639	19120
1.83	22768
2.389	23536
1.992	23392
3.631	23664
2.84	23936
2.639	22928
1.889	19904
0.628	16160
2.016	20848
1.695	22208
1.91	19088
1.593	18144
1.962	22192
2.393	22768
1.555	18880
2.187	24544
1.825	20976
1.213	18352
0.804	17008
1.186	17600
2.013	22112
0.217	10752
2.8	22688
2.788	22688
0.217	10784
2.356	19456
2.155	22896
2.183	22848
1.101	18176
0.44	13424
2.617	23312
2.601	23392
1.227	18544
1.182	18352
1.979	22192
1.249	19584
1.216	18400
1.132	16768
2.644	22400
2.783	21120
2.81	21168
0.516	15312
2.597	23376
1.8	22832
1.795	22736
2.6	23360
1.918	20368
5.948	27152
1.385	20576
0.937	16736
0.718	16256
0.984	18448
2.439	21040
1.096	17520
1.375	20912
1.95	19680
1.377	18256
1.05	16736
1.072	16736
3.735	24208
0.762	16336
0.497	13488
1.158	18464
1.12	16768
1.444	19760
0.786	16768
1.116	16912
1.042	16768
1.6	19760
1.059	16768
1.614	19872
2.004	23344
2.985	25872
8.756	28352
0.599	15168
1.412	19840
2.711	19840
0.742	16304
2.184	21120
0.911	16976
2.084	20960
2.101	20960
1.587	17600
1.953	22256
1.132	18320
0.717	16800
2.319	18288
0.411	13584
0.736	16336
1.586	19296
1.909	19680
0.787	16976
0.708	16736
1.128	16368
0.688	15424
0.722	16256
0.66	15472
0.627	15696
0.865	16224
1.547	18208
2.222	19664
0.625	16256
0.885	15504
0.97	17600
1.021	16816
1.674	17600
1.254	19728
1.063	17056
0.953	17152
0.955	15696
1.529	18272
1.551	20896
1.144	17728
2.57	20336
1.797	18240
1.728	18896
1.355	20880
1.475	21024
1.72	18896
3.379	27664
1.374	17520
1.394	17632
1.471	17840
1.414	17568
1.534	18880
1.343	20096
3.029	24864
1.363	20880
0.726	16064
0.707	14752
0.4	11856
1.71	18208
1.06	16736
1.738	18176
1.694	18208
0.995	18128
1.493	18352
1.273	19264
1.608	18784
0.833	17200
1.306	17152
1.179	19024
1.638	18848
1.189	19264
1.868	19152
1.676	19136
0.826	17136
1.125	17632
0.769	16400
1.146	17664
0.988	18928
2.958	23568
1.415	19568
1.239	18288
2.641	21488
2.014	22800
2.333	20592
2.995	24208
1.764	19664
0.874	16768
0.368	13264
3.039	23600
0.699	16736
2.218	21552
3.198	23904
0.582	13584
4.871	24256
0.967	17872
0.456	12640
1.507	17680
1.326	16064
1.162	16848
1.211	16960
1.935	20432
0.914	16880
1.231	16256
1.263	16160
0.65	16224
0.673	16256
0.393	12672
3.291	24832
2.689	25168
0.455	12672
1.153	18512
0.828	17152
0.812	15536
0.818	15696
0.647	14752
0.642	14752
1.158	16944
1.68	19808
3.411	27616
1.001	18064
1.701	19872
2.332	22864
1.273	16976
0.722	16176
0.761	15232
0.891	17088
0.626	15424
1.736	22384
3.415	22240
2.746	22320
1.055	16384
1.132	16816
3.056	19872
1.272	18272
1.131	16864
0.907	16368
1.535	19264
1.099	16704
0.644	16224
2.261	18400
1.564	17152
1.073	18304
1.556	19664
1.303	18304
2.258	22800
0.185	10512
4.369	28144
1.293	18240
0.637	15200
2.312	22144
1.04	17680
0.5	12592
1.781	21184
1.075	16288
1.152	17680
0.962	16816
3.655	20912
1.282	17488
0.724	16256
1.127	17696
1.091	16672
0.626	16224
1.106	16752
2.447	21120
1.845	18400
1.614	17728
1.822	18336
1.781	18480
1.67	16976
1.695	17008
1.737	17120
1.601	17040
1.325	18256
1.521	17824
0.964	16448
2.768	22720
1.26	19568
1.149	18992
2.504	20480
1.046	16960
1.461	18352
0.893	16848
2.498	25984
0.745	16704
1.15	17152
1.903	23344
0.566	14384
5.745	28048
1.754	22064
3.136	24752
1.416	18128
2.132	20400
1.061	17488
3.932	22768
2.834	19232
1.254	18896
2.042	20432
3.533	22800
2.302	18320
1.262	18848
1.332	19888
1.391	19632
2.045	20432
1.394	18848
4.234	27024
2.056	20464
3.904	22960
3.452	22688
0.958	18320
1.587	18256
0.376	13232
0.992	18880
0.997	18880
1.635	18848
3.005	21152
0.729	15888
1.722	18448
0.786	16816
3.764	23360
2.087	20928
2.306	22304
0.704	15536
1.402	20272
2.315	22928
0.914	16848
0.725	15680
1.675	19632
3.733	23488
0.323	12704
0.488	14528
0.987	17104
0.435	14480
2.018	20880
2.029	20896
0.378	13312
1.682	18848
1.711	18912
1.162	18544
0.648	13616
0.747	16240
0.467	13232
1.993	22240
0.806	17120
0.872	17728
1.123	18336
1.056	16800
1.875	19024
0.714	16256
0.952	16160
1.091	18480
0.788	16128
1.029	16224
1.099	17792
1.067	16768
0.665	16704
1.634	19184
1.776	18624
1.657	18912
1.116	16688
1.034	16784
1.074	18352
1.092	16768
0.799	16096
1.67	18320
0.841	17088
0.647	16096
1.338	17536
1.536	18480
1.116	16848
1.641	18448
1.022	16160
1.671	22352
0.623	16096
0.815	17024
1.26	17008
0.683	16064
0.85	16000
1.738	18336
1.558	18416
0.769	16096
1.296	18912
1.679	22416
0.958	16176
1.075	18480
0.721	16192
0.884	17136
0.77	16224
0.402	13728
0.821	16016
1.24	17680
1.005	17488
1.104	18960
1.068	16384
1.056	16880
1.074	18288
2.204	22432
1.249	18368
0.561	15504
1.071	18352
0.757	16304
1.276	18320
0.783	17024
1.5	18592
1.033	18528
1.745	19264
0.789	16048
2.154	22352
0.333	12880
0.936	16976
1.195	16912
0.714	16240
1.031	17632
2.244	20448
0.717	16256
2.762	22848
2.221	20240
0.325	12784
1.08	17184
1.37	19840
1.08	16880
0.372	12592
0.637	16320
0.69	16256
1.061	16288
1.578	19216
1.674	19872
1.565	17680
1.547	17536
2.052	20960
0.314	11312
0.515	14592
1.24	16288
1581.43	345984
36.325	67024
14.648	33984
11.992	31792
5.97	27152
13.689	32272
3.774	29280
2.592	26304
4.159	27696
8.161	33280
4.596	26464
3.186	26448
1.557	21120
1.623	22448
1.62	21184
11.915	37616
4.93	29840
112.2	143088
510.44	144432
132.91	140384
357.19	140416
105.55	140688
106.97	140720
482.16	141088
516.96	139632
379.56	141440
380.29	141424
107.94	139648
106.82	140784
113.06	144240
107.52	140336
117.44	145952
112.87	143712
114.73	144368
112.55	143776
103.35	138832
109.25	143056
109.26	143120
110.88	140320
111.4	142336
112.22	144688
176.05	158880
582.12	147072
463.09	133456
521.73	139696
545.32	148560
533.43	144528
447.06	136096
170.61	155472
426.5	142624
412.26	143792
357.09	142624
159.42	137424
163.18	137216
97.07	131904
413.44	148608
410.96	151712
411.28	151712
162.77	137600
199.64	151856
126.2	153904
95.38	132560
385.74	147440
209.7	139472
545.85	142864
165.76	121168
486.95	129280
355.67	139216
358.04	139152
467.5	143296
125.61	153808
125.94	153936
153.99	140288
336.08	146384
102.49	137616
195.06	141744
375.36	139200
342.69	142096
591.83	142544
590.27	152400
393.67	145952
502.67	140640
323.99	153568
622.92	146000
734.56	154208
734.48	153984
725.6	153568
180.68	153936
326.2	153808
330.29	177328
466.73	149280
614.02	145264
322.8	153520
326.65	154032
211.11	145168
341.49	142016
273.56	153632
219.54	148592
448.55	144432
446.83	144496
236.16	153616
282.49	144320
525.38	152352
524.39	152320
523.49	152352
417.78	137248
484.38	145552
316.45	142192
97.2	134544
352.3	134976
443.04	143984
325.51	145648
465.3	147024
412.29	145888
245.14	142208
240.26	137616
286.22	148256
114.56	145920
289.96	144384
525.75	148224
433.27	142240
539.53	152048
389	136384
388.7	136384
388.6	136400
392.62	144080
387.05	144400
365.21	137232
103.51	138752
102.19	138368
248.54	152848
214.92	147856
361.47	145232
271.75	153552
120.84	147792
349.48	146640
224.36	138320
133.5	141136
92.69	132224
280.81	139440
406.14	147504
379.03	140304
257.18	146768
438.35	146736
377.31	151664
185.8	153216
186.54	153520
212.47	141728
359.87	146032
311.28	132176
283.3	139056
157.93	139184
143.01	132704
182.22	149232
183.03	151648
284.39	152192
545.09	135632
155.75	140256
674.34	152704
667.81	152896
669.62	152928
416.28	139248
519.8	143808
597.7	149280
116.61	140816
317.62	140352
349.02	123216
126.88	146336
132.64	152432
602.97	149344
599.52	147904
163.25	142992
364.92	138496
529.01	147856
529.32	152656
356.25	138800
488.11	140000
642.93	140608
338.08	144368
127.06	146736
94.18	129712
340.33	144448
340.37	144400
299.62	136032
352.57	148272
316.47	140960
351.09	148272
507.39	149264
128.7	154272
127.23	154560
344.12	146672
448.53	147104
352.72	148496
342.4	146640
349.11	148256
352.09	148496
154	139984
441.79	142464
439.03	146672
352.18	148672
345.27	146624
344.93	146736
314.88	140912
352.91	148192
343.06	146688
312.24	140592
344.5	146784
322.38	142160
667.07	148656
342	146736
636.35	142864
440.97	142112
352.73	148608
350.91	148288
344.72	146640
207.27	120080
342.21	146288
356.25	149248
82.19	120048
124.56	153568
353.93	148256
315.45	140976
355.05	148576
351.17	148240
355.29	148544
416.65	146336
351.04	148240
400.62	141760
318.57	141456
399.32	141760
421.05	142160
421.77	142320
176.22	151728
354.11	148336
381.35	142512
366.41	142656
139.7	140208
594.58	155376
588.56	154832
418.77	153600
157.23	148000
150.02	146368
151.44	147184
237.82	136016
464.65	135744
636.23	152784
612.15	151840
609.8	152560
444.04	139184
455.1	139696
451.23	139792
148.79	137568
157.17	141552
560.82	144208
564.66	144640
627.46	152864
143.08	139552
145.96	141136
417.06	137152
392.98	143072
292.77	144048
332.02	145280
180.55	140608
120.87	143248
400.56	143280
217.79	143312
424.78	142992
352.21	144848
427.44	151744
324.62	143632
334.9	146000
110.13	142288
156.04	134192
465.56	144960
291.71	143744
375.05	142192
118.23	146688
277.07	139312
375.93	152512
224.25	133792
161.73	142336
151.57	144192
249.24	142960
488.03	292512
697.81	189312
693.79	189328
1043.53	187536
800.88	196688
259.66	189824
1102.57	195664
729.91	209152
289.98	183920
237.89	197872
403.36	190512
238.11	196032
743.18	178368
848.52	161968
292.47	179904
193.73	166688
266.3	212992
208.42	179088
573.92	189088
563.57	227904
468.68	188576
600.04	187888
614.01	188864
561.05	181344
544.49	179072
232.55	192240
212.39	186096
669.93	173616
237.39	191792
229.39	189312
237.1	196224
578.62	196496
237.89	197216
794.91	197584
369.29	185376
746.3	195568
692.29	231920
241.55	199968
260.74	209888
1113.81	223472
230.2	189344
1329.92	198272
1043.47	197184
232.97	195744
297.71	137664
403.29	197616
237.41	199024
1035.26	197056
230.09	189280
1599.35	196704
261.92	190080
233.32	190848
235.65	190816
823.07	207936
228.58	196096
390.4	203648
631.89	200016
2102.46	275824
1115.44	196800
438.67	182592
278.13	196496
288.62	207664
1064.26	198208
510.81	201488
510.49	195808
273.22	230608
290.07	235888
212.65	183872
477.12	185360
233.34	192144
288.18	206640
230.67	190368
230.18	189664
230.32	188976
230.49	189280
1051.67	198528
233.89	195744
315.19	197296
278.14	199296
1664.61	251904
1833.32	261728
231.01	192608
229.66	189296
284.52	197888
1526.75	246832
434.67	280672
476.01	262112
226.82	189248
368.57	185040
229.35	189296
533.82	206272
289.16	208400
209.24	186384
589.75	197120
220.6	196672
223.9	191168
1248.71	201424
441.39	197856
288.24	184560
229.7	189088
228.98	189280
586.17	197552
697.76	197008
2255.92	284736
218.14	183392
1023.2	300800
1197.05	196704
328.13	156576
1123.82	195280
224.6	187760
576.25	126608
529.54	215536
408.83	199888
222.27	186688
230.26	189712
925.02	188704
900.59	195984
228.2	189328
124.58	107072
267.14	200720
267.42	200672
1032.34	197136
47.029	72192
21.51	70176
48.49	72720
30.153	69184
51.567	72688
41.839	71856
36.609	45888
65.36	108896
23.279	71920
66.72	71808
103.49	73072
34.796	54512
49.863	71904
22.742	72288
21.749	71360
68.85	73200
57.267	71920
21.654	71440
62.63	71872
22.133	71744
22.218	71808
46.658	71776
24.382	71472
50.872	71968
49.105	72240
50.553	72416
23.351	73136
31.079	71488
24.773	71888
22.52	70656
46.942	72192
23.88	71920
98.98	71472
35.614	71504
985.62	206176
24.163	71536
76.15	73600
24.93	73168
66.15	72816
22.798	72656
1342.91	230624
57.757	69376
64.8	72192
31.75	70928
47.677	72640
277.51	226192
326.15	143680
845.12	449072
847.95	450288
1117.84	450352
976.29	478864
7336.8	443968
1091.8	441984
1701.72	444016
4341.05	424688
1333.71	438416
6854.53	449328
2328.52	438000
2331.09	438896
6291.73	473808
2328.63	438976
1703.55	449648
1664.87	445600
1623.72	442416
1664.74	445600
1660.48	445584
2355.39	444320
5526.69	444736
4158.68	453008
4775.84	452944
1644.96	438416
1626.68	438272
2330.13	444032
4029.02	445328
1654.14	443360
3897.07	442272
5332.56	463776
2336.78	443904
5002.8	461440
1231.77	443344
1692.02	449632
1719.53	450656
1827.25	447248
2186.16	506736
8233.69	499472
5462.03	444400
5194.18	440688
5173.8	440720
1385.07	441536
2256.29	406512
1048.34	435312
4706.36	407136
4445.7	392688
2676.53	505984
1768.6	448624
1764.83	448960
988.12	477216
3371.36	460240
850.5	446736
2265.99	443536
5761.74	437696
3211	392960
2464.84	467200
12076.39	633152
1164.63	431280
11018.03	633760
7879.53	770448
31046.98	937360
18540.68	637392
120.63	81520
147.01	92640
155.33	86064
68.6	71536
331.61	215280
359.2	121008
109.97	118848
162.52	78944
392.51	110864
212.97	116272
174.12	107264
313.76	107168
142.84	132272
97.22	123392
13377.17	869312
563.25	166656
11381.42	626000
1764.22	449488
0.057	7392
0.042	7376
0.039	7392
0.047	7296
0.044	7136
0.043	7104
0.045	7472
0.043	7264
0.038	7264
0.041	7328
0.041	7216
0.045	7312
0.04	6928
0.045	7216
0.044	7248
0.043	7072
0.043	7184
0.047	7392
0.048	7360
0.044	7296
0.043	7296
0.048	7216
38.202	67152
158.38	146848
266.96	141648
429.67	143952
344.66	141984
368.83	146592
189.93	146464
453.03	135520
413.9	184240
408.27	134944
608.67	153680
921.5	200800
844.57	402160
665.32	198928
23.248	38176
16.164	43632
13.046	38896
73.14	67088
13.269	37856
65.19	84032
98.24	81792
0.555	14896
2.222	20464
0.581	14832
0.476	13584
45.897	49104
0.608	14752
3.245	28800
101.2	83552
289.07	203600
68.08	68768
1.201	18448
7.885	35424
9.279	33456
9.349	33920
7.611	29952
10.132	33856
5.151	26000
3.786	25200
2.347	23360
2.805	24672
2.75	24544
3.423	23424
1.359	19696
1.893	19936
5.105	27184
4.087	28080
7.289	31296
4.076	28096
5.322	29744
10.713	34112
1.002	15552
1.185	17008
6.242	29136
0.675	14832
0.628	14768
0.891	14688
0.811	15200
8.945	31856
19.175	40432
3.135	27696
2.877	25920
6.952	31200
2.79	25152
2.132	22768
1.995	24208
2.634	24592
4.038	26688
2.674	22144
0.488	13728
0.272	11552
0.4	11984
0.556	13152
0.51	12480
1.585	18144
0.353	11776
4.001	25344
4.716	25872
11.043	35376
3.577	25392
1.607	20928
1.631	19664
1.944	21120
3.459	25920
1.949	23456
1.537	22304
4.797	24896
2.642	21056
77.61	96416
1.6	22352
46.419	78176
3.993	27632
48.978	55504
105.36	72320
173.31	89376
15.024	34368
2.362	25184
0.433	13056
0.285	11456
0.489	14528
0.698	14512
0.341	12672
1.568	20512
2.649	24192
2.144	23968
3.369	26000
2.607	25872
3.352	26064
2.245	24720
6.512	37424
319.08	131920
33.943	59968
1.09	15696
30.636	63184
847.81	179760
179.37	99536
177.3	147456
2177.86	373344
914.84	206192
156.88	136480
611.36	263456
123.45	126080
92.15	102896
11.4	38128
3.277	20752
24.791	39040
14.623	34000
13.406	38576
10.219	44368
13.563	41952
1.573	18992
504.1	125936
832.03	190448
1385.83	350768
887.43	229056
603.99	366880
18.907	54112
38.107	49344
17.128	38656
74.85	57856
40.295	53328
2679.73	368896
12.696	42832
126.27	81856
270.18	97600
25.005	45888
16.89	53200
16.462	51104
19.967	50688
58.126	75264
12.341	46832
1820.18	205808
1068.72	255344
4462.21	371360
182.31	166560
46.379	83184
723.83	399472
334.97	136032
1549.85	336400
78.06	100800
41.294	75296
3401.9	329520
44.298	75296
21.835	39072
48.091	67600
1315.89	198544
770.59	198160
450.52	198192
2925.26	316336
284.97	215984
563.69	155120
18.425	47184
26.115	71616
48.382	70288
72.62	75088
65.61	73760
61.54	71520
80.84	74832
63.38	73456
487.61	125536
65.22	71424
82.82	75216
31.255	55392
30.268	55392
142.25	101664
735.08	153584
645.4	135696
66.88	73968
679.74	230912
67.01	71936
70.46	71504
55.925	71872
65.65	71520
628.18	228128
133.04	92944
242.57	208304
441.64	145456
463.55	212672
60.91	70624
879.96	190368
468.19	137584
87.54	69728
447.14	147088
45.677	63248
71.18	99184
527.13	174800
23.079	71360
830.92	174272
80.17	70144
72.06	72320
559.85	228736
950.85	176112
62.3	71072
1050.86	225200
403.52	173504
233.8	162160
48.332	81280
4.844	27776
8.626	32976
4.632	30272
3.366	28896
112.47	143792
400.72	145984
388.59	136416
377.71	146496
344.4	145280
285.61	119616
417.02	159200
275.86	142944
721.75	196736
656.08	196752
340.97	191856
276	115440
266.38	188352
202.45	124368
897.34	189184
402.83	118880
890.21	189360
708.57	195680
207.91	125968
86.34	110736
936.75	188240
155.58	124816
208.37	121776
95.87	127472
852.32	188176
839.54	188176
211.02	180448
193.42	188944
427.26	191008
229.26	195184
817.32	197072
245.91	126688
285.77	195904
705.92	197072
372.69	197024
587.9	182864
723.19	196000
863.47	190320
417.78	121200
1069.67	191504
768.63	198208
274.11	190256
237.41	190784
1180.4	196288
144.15	122000
574.31	191840
695.57	195680
380.32	137168
145.98	114976
237.66	195664
206.6	115072
148.49	117424
229.2	110688
933.92	190016
269.17	115120
112.85	102384
225.54	111472
702.63	191824
175.35	116240
702.2	191888
133.68	120112
337.51	191712
845.62	188896
147.86	124112
185.02	114752
528.6	188928
99.13	114256
115.65	120496
135.99	122416
134.86	122384
1099.22	197760
234.04	197104
940.99	197440
137.48	121648
335.36	190416
142.98	121664
263.67	115392
188.55	107072
233.95	106816
223.12	105552
317.68	105600
220.3	105552
836.88	188864
126.81	107216
195.91	107904
225.41	110368
317.09	105536
318.24	105568
211.67	102480
208.82	102048
211.68	102432
173.58	122384
122.51	106448
114.63	111408
439.97	196704
236.36	189344
71.06	114320
175.48	140304
146.52	124832
269.6	196944
89.18	127088
886.19	189232
214.83	196976
223.33	189216
242.15	114592
186.51	120128
76.12	105536
136.8	116496
895.14	190048
266.77	192192
1144.12	202928
418.81	189232
251.19	187088
223.86	187104
1183.66	196080
148.24	124736
786	197040
867.3	190000
706.35	192448
350.72	123616
1199.75	196768
142.81	123632
1232.99	197008
1047.28	182768
428.33	192288
235.76	196384
185.43	128480
81.38	108800
141.37	123856
95.59	105504
189.67	107456
431.32	125584
2166.74	446288
0.068	7968
0.05	7360
0.05	7360
0.047	7232
0.053	7424
0.051	7296
0.054	7456
0.048	7328
0.062	7856
0.045	7408
0.056	7488
0.042	7232
0.041	7232
0.061	7840
0.05	7232
0.051	7872
0.057	7520
0.052	7472
0.061	7888
0.042	7856
0.051	7408
0.045	7488
0.045	7488
0.044	7536
0.05	7360
0.048	7520
0.045	7232
0.033	7152
0.047	7296
0.042	7232
0.048	7232
0.048	7232
0.048	7264
0.04	7264
0.046	7232
0.038	7296
0.049	7232
0.047	7232
0.05	7296
0.042	7232
0.046	7232
0.041	7376
0.05	7232
0.039	7232
0.038	7232
0.049	7296
0.048	7232
0.048	7296
0.037	7232
0.069	8032
0.047	7232
0.048	7232
0.046	7200
0.047	7296
0.035	7232
0.046	7232
0.034	7296
0.043	7216
0.047	7232
0.047	7232
0.034	7232
0.04	7296
0.046	7232
0.048	7232
0.045	7232
0.046	7200
0.043	7296
0.049	7232
0.041	7296
0.047	7232
0.04	7328
0.035	7232
0.051	7264
0.048	7232
0.048	7232
0.047	7232
0.046	7232
0.041	7232
0.036	7296
0.04	7232
0.047	7232
0.049	7232
0.056	7920
0.041	7296
0.046	7200
0.046	7200
0.049	7232
0.047	7232
0.049	7232
0.045	7296
0.045	7232
0.035	7232
0.048	7232
0.044	7264
0.04	7232
0.061	7856
0.047	7232
0.048	7264
0.048	7232
0.047	7328
0.049	7232
0.046	7232
0.042	7264
0.047	7360
0.048	7232
0.051	7296
0.049	7264
0.049	7232
0.052	7232
0.048	7232
0.013	5456
0.005	3456
0.006	4160
0.006	4256
0.006	4048
0.005	3168
0.005	3360
0.005	3760
0.005	3744
0.005	3744
0.005	3392
0.005	3328
0.005	3264
0.006	4048
0.005	3536
0.005	3536
0.005	3664
0.005	3328
0.005	3328
0.005	3232
2328.03	444016
0.007	4224
0.005	3456
0.005	3568
0.005	4016
0.005	3744
0.005	3760
0.013	5472
0.005	3504
0.005	3200
0.005	3392
0.005	3664
0.005	3664
0.006	3808
0.005	3232
0.005	3328
0.005	3232
0.012	5472
0.005	3664
0.005	3664
0.005	3424
0.005	3200
0.005	3200
0.005	3200
0.005	3200
0.005	3200
0.005	3760
0.005	3392
0.005	3200
0.005	3200
0.012	5424
0.005	3104
0.005	3232
0.005	3504
0.005	3328
0.006	3792
0.005	3456
0.005	3536
0.005	3296
0.005	3504
0.005	3200
0.005	3504
0.005	3232
0.005	3232
0.005	3536
0.005	3504
0.005	3504
0.005	3872
0.005	3568
0.005	3328
0.005	3760
0.005	3872
0.005	3744
0.009	5232
0.005	3744
0.005	3744
0.005	3568
0.005	3760
0.005	3328
0.005	3328
0.006	4048
0.005	3600
0.005	3168
0.005	3424
0.005	3536
0.005	3792
0.006	4192
0.005	3664
0.005	3568
0.005	3504
0.005	3984
0.005	3760
0.005	3568
0.005	3264
0.005	3504
0.005	3536
0.007	4688
0.005	3904
0.014	5488
1398.7	401392
0.006	3504
0.005	3264
0.005	3664
0.005	3456
0.005	3632
0.005	3904
0.005	3904
0.005	3760
0.005	3568
0.005	3168
0.005	3936
0.005	3232
0.026	6528
0.005	3744
0.005	3392
0.005	3456
0.005	3536
0.005	3424
0.005	3392
0.005	3200
0.005	3232
0.012	5424
0.005	3168
0.005	3168
0.005	3168
0.005	3712
0.005	4016
0.012	5328
0.005	3664
0.005	3536
0.012	5296
0.005	3424
0.005	3264
0.005	3296
0.005	3760
0.012	5376
0.005	3712
0.013	5328
0.006	4016
0.008	4736
0.006	4448
0.006	4480
0.005	3904
0.005	3600
0.013	5472
0.005	3760
0.005	3904
0.012	5296
0.012	5328
0.012	5328
0.005	3872
0.006	4048
0.011	5424
0.011	5296
0.014	5424
0.005	3504
74.36	98800
0.006	3936
0.005	3840
0.012	5376
0.016	5632
0.01	5104
0.005	3264
149.81	146016
0.014	5376
1450.18	409536
148.91	145936
0.006	3744
0.005	3296
0.005	3504
0.007	4416
0.005	3744
0.044	7488
0.028	6320
0.005	3792
0.046	7776
0.008	4752
0.005	3904
0.005	3536
1438.22	407792
0.006	3568
0.009	4768
1435.93	407504
152.74	148880
0.006	3744
0.014	5472
0.005	3104
0.005	3904
0.005	3984
0.006	4448
134.75	139568
0.005	3536
0.011	5024
0.013	5328
0.013	5376
0.005	3904
0.005	3840
0.005	3328
0.005	3504
0.005	3664
0.006	4048
0.012	5376
0.01	5104
0.1	8752
0.005	3936
0.012	5264
0.013	5328
151.36	147792
502.45	148240
0.005	3328
0.005	3872
0.006	4368
0.005	3664
0.005	3664
0.005	3168
0.005	3264
0.005	3296
0.01	5264
0.01	5152
0.005	3744
0.005	3792
0.007	4496
0.005	3792
0.005	3664
0.006	4304
0.005	3360
0.005	3872
0.031	6480
0.005	4160
0.013	5472
0.005	3168
0.46	14688
0.005	3664
0.914	16336
0.005	3424
0.005	3664
0.012	5296
0.005	3536
0.005	3600
0.005	3744
0.006	4160
0.009	5040
0.005	3792
0.005	3392
1492.38	415952
0.011	5232
0.01	5072
0.013	5424
0.005	3840
0.005	3872
0.005	3904
0.005	3936
0.012	5264
0.012	5264
0.012	5264
0.01	5152
0.01	5184
0.01	5184
0.01	5184
0.01	5184
0.005	3536
0.005	3904
0.005	3232
0.005	3168
0.005	3904
0.005	3264
0.005	3984
0.006	4224
0.007	4608
0.005	3536
0.005	3456
0.005	3328
0.005	3536
0.011	5152
0.005	3296
0.005	3744
0.005	3712
0.02	6160
0.005	3504
0.005	3504
0.005	3504
0.005	3360
0.005	3456
0.005	3568
0.008	4688
148.03	144864
0.005	3504
0.012	5424
0.013	5424
0.014	5472
0.013	5376
0.011	5184
0.006	4144
0.007	4736
0.006	4208
0.014	5424
0.005	3664
0.005	3328
0.005	3504
0.005	3904
0.005	3744
0.01	5040
0.008	4720
0.005	4336
0.005	3392
0.005	3424
1435.68	407424
0.006	3008
0.006	3936
0.006	4448
0.006	4448
0.006	4448
0.006	4448
0.006	4448
0.006	4368
0.006	4448
0.006	4448
0.006	4448
0.006	4448
0.006	4512
0.11	8688
0.005	3568
0.005	3536
0.005	3360
0.099	9120
0.005	3232
0.005	3424
0.005	3664
0.007	4640
0.007	4640
0.007	4640
0.007	4640
0.007	4640
0.007	4640
0.007	4640
0.007	4640
0.007	4640
0.007	4640
0.007	4640
0.007	4640
0.007	4640
0.007	4640
0.007	4640
0.007	4640
0.007	4640
0.007	4640
0.007	4640
0.007	4640
0.007	4640
0.007	4640
0.007	4640
0.007	4640
0.007	4640
0.007	4640
0.007	4640
0.007	4640
0.007	4688
0.007	4640
0.007	4640
0.007	4640
0.013	5680
0.016	5632
0.013	5632
0.013	5632
0.013	5632
0.007	4768
0.007	4768
0.007	4688
0.007	4688
0.006	4176
0.007	4720
0.006	4144
0.007	4688
0.007	4640
0.007	4640
0.008	4640
0.007	4640
0.008	4784
0.007	4640
0.007	4640
0.008	4688
0.007	4640
0.007	4640
0.007	4640
0.008	4720
0.008	4720
0.007	4688
0.007	4640
0.007	4640
0.007	4688
0.012	5632
0.032	6832
0.027	6400
0.014	5488
0.022	6368
0.019	5952
0.025	6368
0.021	6240
0.02	6160
0.038	6576
0.028	6400
0.032	6832
0.013	5424
0.013	5424
0.019	6128
0.039	6832
6.005	25712
2.791	23536
7.02	25968
4.672	28736
6.877	25856
6.734	26064
0.187	9344
0.15	9344
0.172	9776
0.214	11472
0.169	10448
0.206	10480
0.159	10544
0.148	10336
0.17	9376
0.163	9216
0.167	9264
0.141	8720
0.174	9296
0.227	11664
0.22	11760
0.372	11696
0.278	11632
0.24	11488
0.77	16912
0.632	15648
0.721	16368
0.385	13376
0.388	13280
2.202	18480
2.208	18592
2.206	18848
2.224	18528
2.205	18640
2.217	18480
0.022	6080
0.021	6080
0.021	6080
0.016	5952
0.022	6080
0.016	5952
0.017	5952
1.41	18320
0.01	5072
0.01	5072
0.013	5520
0.009	5136
0.012	5376
0.011	5264
0.012	5376
0.013	5376
0.012	5376
0.011	5072
0.011	5104
0.01	5072
0.011	5104
0.01	5072
0.011	5264
0.01	5072
0.009	5072
0.006	4416
0.007	4448
0.007	4448
0.006	4448
0.006	4416
0.006	4416
0.006	4304
0.007	4448
0.006	4448
0.006	4304
0.006	4304
0.006	4304
0.006	4304
0.006	4304
0.006	4224
0.006	4416
0.006	4416
0.006	4304
0.006	4304
0.006	4304
0.006	4288
0.006	4304
0.006	4416
0.006	4304
0.006	4304
0.006	4336
0.006	4336
0.006	4304
0.035	7120
0.033	7040
0.034	7040
0.037	7120
0.033	7008
0.039	7040
0.035	7120
0.038	7152
0.035	7120
0.037	7200
0.036	7152
0.036	7152
0.041	7104
0.039	7072
0.039	7040
0.033	7040
0.035	7072
0.022	6160
0.006	4304
0.006	4336
0.006	4336
0.006	4336
0.006	4336
0.006	4336
0.006	4336
0.006	4336
0.006	4304
0.037	7152
0.006	4448
0.006	4256
0.006	4256
0.006	4224
0.033	7040
0.034	7072
0.007	4448
0.006	4448
0.007	4448
0.006	4448
0.007	4448
0.006	4448
0.007	4448
0.007	4448
0.007	4448
0.006	4448
0.006	4224
0.006	4224
0.006	4224
0.006	4224
0.006	4224
0.006	4224
0.006	4224
0.006	4224
0.006	4224
0.006	4224
0.006	4256
0.006	4256
0.006	4224
0.006	4224
0.006	4256
0.006	4256
0.006	4304
0.006	4224
0.006	4224
0.006	4224
0.006	4224
0.006	4224
0.006	4224
0.006	4224
0.006	4224
0.006	4256
0.006	4256
0.006	4224
0.006	4224
0.006	4224
0.006	4224
0.006	4224
0.006	4224
0.006	4224
0.006	4224
0.006	4224
0.006	4224
0.008	4944
0.008	4944
0.008	4976
0.009	5024
0.008	4944
0.009	4944
0.008	4976
0.008	4976
0.008	4976
0.008	4976
0.008	4976
0.008	4976
0.008	4976
0.008	4992
0.027	6448
0.027	6448
0.028	6400
0.028	6448
0.027	6448
0.023	6448
0.025	6448
0.027	6400
0.028	6448
0.027	6400
0.032	6512
0.028	6448
0.027	6400
0.028	6448
0.027	6448
0.029	6400
0.027	6448
0.027	6400
0.027	6448
0.027	6448
0.025	6448
0.027	6400
0.028	6448
3.774	28592
6.426	31264
6.392	31264
6.334	31216
0.009	5024
0.009	5104
0.287	12208
0.323	12416
0.491	12768
0.425	12288
0.307	12256
0.329	12144
0.354	11792
0.312	11552
0.23	11200
0.506	12720
6.322	33792
6.34	33520
6.31	33792
6.327	33824
6.333	33792
6.297	33792
6.31	33792
5.982	33168
6.419	33792
6.419	33792
7.986	33904
7.351	33792
0.012	5376
0.012	5376
0.012	5376
0.012	5424
0.014	5472
0.014	5536
0.014	5472
0.014	5472
0.014	5472
0.013	5472
0.011	5424
0.014	5472
0.014	5472
0.013	5424
0.013	5472
0.014	5472
0.013	5472
0.014	5536
0.013	5424
0.013	5376
0.013	5424
0.014	5488
0.013	5424
0.014	5488
0.015	5488
0.014	5488
0.014	5488
0.014	5488
0.011	5360
0.01	5264
0.011	5264
0.011	5296
0.011	5360
0.011	5264
0.013	5456
0.013	5424
0.013	5504
0.013	5520
0.013	5504
0.013	5424
0.015	5456
0.013	5536
0.012	5488
0.013	5504
0.013	5472
0.013	5472
0.013	5424
0.013	5472
0.013	5472
0.014	5472
0.01	5216
0.015	5328
0.012	5424
0.012	5424
0.013	5504
0.013	5504
0.013	5472
0.013	5424
0.013	5424
0.013	5456
0.013	5472
0.014	5472
0.014	5472
0.017	5472
0.014	5472
0.014	5472
0.013	5472
0.014	5472
0.014	5472
0.014	5536
0.013	5472
0.013	5472
0.013	5376
0.014	5536
0.014	5472
0.011	4944
0.011	5264
0.01	5232
0.013	5472
0.017	5472
0.013	5472
0.013	5472
0.014	5472
0.017	5472
0.013	5472
0.013	5472
0.016	5472
0.013	5472
0.013	5472
0.013	5472
0.013	5472
0.013	5472
0.013	5488
0.013	5472
0.012	5376
0.012	5328
0.012	5328
0.012	5328
0.012	5328
0.012	5376
0.012	5424
0.013	5472
0.013	5376
0.012	5376
0.013	5424
0.012	5376
0.013	5376
0.012	5376
0.014	5472
0.013	5424
0.012	5376
0.013	5424
0.013	5424
0.011	5232
0.011	5296
0.011	5184
0.01	5040
0.012	5232
0.011	5328
0.013	5456
0.012	5376
0.011	5376
0.014	5424
0.014	5376
0.012	5376
0.014	5488
0.014	5488
0.014	5488
0.014	5488
0.012	5424
0.014	5328
0.017	5504
0.013	5472
0.013	5536
0.012	5472
0.013	5472
0.013	5472
0.015	5488
0.013	5472
0.015	5536
0.014	5488
0.014	5488
0.014	5488
0.014	5488
0.014	5488
0.014	5488
0.014	5488
0.014	5472
0.012	5424
0.013	5472
0.014	5472
0.015	5520
0.014	5520
0.015	5296
0.012	5296
0.014	5488
0.014	5488
0.014	5520
0.014	5488
0.017	5488
0.014	5472
0.014	5472
0.013	5472
0.013	5536
0.014	5472
0.014	5472
0.014	5472
0.012	5424
0.012	5376
0.012	5472
0.013	5328
0.013	5472
0.013	5472
0.013	5472
0.011	5104
0.011	5232
0.01	5152
0.013	5472
0.013	5424
0.013	5472
0.015	5472
0.016	5472
0.015	5424
0.014	5472
0.014	5472
0.012	5424
0.013	5472
0.012	5472
0.013	5472
0.013	5472
0.013	5472
0.013	5472
0.014	5472
0.019	5872
0.018	5808
0.018	5952
0.019	5872
0.02	5872
0.018	5936
0.019	5840
0.018	5808
0.021	5952
0.018	5776
0.021	5872
0.02	5872
0.019	5872
0.016	5872
0.018	5808
0.019	5872
0.02	5872
0.02	5840
0.018	5808
0.019	5936
0.016	5728
0.019	5840
0.02	5936
0.016	5728
0.017	5808
0.022	5968
0.019	5808
0.02	5936
0.02	5872
0.02	5872
0.017	5776
0.019	5840
0.013	5408
0.012	5424
0.013	5456
0.014	5536
0.013	5408
0.019	5808
0.019	5808
0.021	5872
0.019	5808
0.019	5808
0.02	5808
0.02	5808
0.02	5872
0.02	5872
0.017	5776
0.019	5840
0.02	5872
0.02	5872
0.018	5904
0.018	5936
0.019	5808
0.019	5808
0.019	5936
0.018	5808
0.018	5840
0.013	5424
0.014	5488
0.014	5472
0.014	5488
0.014	5472
0.014	5488
0.014	5488
0.012	5376
0.014	5488
0.013	5472
0.014	5520
0.013	5472
0.011	5024
0.011	5296
0.013	5472
0.014	5488
0.015	5472
0.015	5488
0.014	5472
0.014	5472
0.014	5488
0.014	5472
0.014	5504
0.012	5424
0.013	5424
0.013	5424
0.013	5424
0.014	5488
0.014	5504
0.014	5488
0.014	5488
0.013	5424
0.016	5376
0.016	5376
0.015	5488
0.013	5488
0.014	5472
0.013	5376
0.013	5424
0.015	5488
0.015	5488
0.015	5488
0.015	5488
0.015	5488
0.014	5488
0.013	5424
0.015	5536
0.013	5424
0.013	5424
0.015	5376
0.013	5424
0.014	5472
0.015	5600
0.012	5472
0.014	5504
0.013	5424
0.013	5424
0.013	5424
0.014	5424
0.014	5424
0.012	5296
0.013	5456
0.013	5424
0.013	5424
0.013	5424
0.013	5424
0.013	5424
0.013	5424
0.013	5424
0.014	5424
0.013	5424
0.013	5424
0.013	5424
0.013	5424
0.011	5424
0.014	5488
0.014	5488
0.014	5488
0.014	5472
0.014	5472
0.014	5488
0.013	5424
0.014	5584
0.015	5552
0.014	5552
0.012	5376
0.013	5472
0.008	4672
0.008	4736
0.01	5104
0.011	5296
0.01	5296
0.011	5264
0.013	5456
0.013	5456
0.013	5424
0.014	5472
0.013	5472
0.014	5472
0.014	5472
0.013	5472
0.013	5472
0.013	5472
0.022	6000
0.019	5872
0.019	5936
0.019	5872
0.018	5728
0.023	6000
0.021	6144
0.021	6128
0.022	6112
0.022	6000
0.025	6112
0.021	6000
0.024	6128
0.02	5936
0.02	5936
0.02	5936
0.02	5840
0.023	6000
0.023	6000
0.01	5104
0.011	5296
0.008	4880
0.008	4880
0.012	5296
0.007	4880
0.009	4912
0.02	5808
0.02	5872
0.02	5808
0.018	5776
0.02	5808
0.02	5808
0.019	5776
0.021	5840
0.021	5872
0.018	5856
0.018	5808
0.02	5808
0.02	5808
0.02	5808
0.02	5808
0.02	5808
0.02	5808
0.021	5840
0.02	5808
0.022	5840
0.019	5808
0.015	5536
0.02	5808
0.014	5472
0.012	5376
0.013	5424
0.012	5376
0.014	5472
0.014	5472
0.014	5472
0.014	5472
0.013	5472
0.013	5424
0.013	5424
0.013	5440
0.013	5408
0.011	5296
0.014	5504
0.014	5472
0.014	5472
0.014	5488
0.012	5488
0.014	5488
0.015	5536
0.014	5488
0.013	5472
0.014	5472
0.014	5472
0.015	5488
0.014	5488
0.014	5472
0.012	5472
0.012	5488
0.013	5472
0.014	5424
0.011	5264
0.011	5296
0.01	5232
0.013	5488
0.012	5472
0.013	5520
0.013	5488
0.013	5504
0.013	5472
0.013	5424
0.013	5456
0.014	5472
0.013	5584
0.013	5472
0.013	5456
0.013	5424
0.013	5472
0.014	5424
0.014	5472
0.014	5472
0.013	5456
0.013	5376
0.014	5472
0.014	5488
0.014	5488
0.014	5488
0.013	5376
0.012	5376
0.013	5408
0.014	5488
0.01	5232
0.01	5232
0.013	5424
0.014	5472
0.014	5424
0.014	5424
0.014	5488
0.014	5488
0.014	5488
0.014	5536
0.014	5424
0.014	5472
0.014	5472
0.015	5600
0.014	5488
0.014	5488
0.014	5488
0.014	5488
0.015	5488
0.014	5488
0.013	5520
0.014	5488
0.014	5488
0.013	5376
0.015	5472
0.014	5488
0.013	5296
0.011	5296
0.013	5328
0.013	5424
0.013	5424
0.013	5424
0.012	5376
0.012	5376
0.012	5376
0.012	5376
0.012	5376
0.012	5424
0.013	5424
0.012	5424
0.013	5424
0.013	5424
0.012	5424
0.013	5472
0.018	5776
0.018	5808
0.018	5808
0.017	5808
0.017	5808
0.018	5808
0.019	5808
0.018	5728
0.023	6000
0.022	5936
0.019	5840
0.013	5376
0.015	5472
0.015	5536
0.015	5488
0.014	5536
0.014	5472
0.014	5472
0.014	5472
0.014	5472
0.014	5472
0.014	5504
0.013	5488
0.013	5472
0.013	5472
0.018	6048
0.02	5872
0.021	5968
0.021	5936
0.011	5232
0.014	5536
0.012	5424
0.013	5424
0.013	5536
0.012	5296
0.014	5536
0.008	4944
0.012	5296
0.011	5296
0.014	5488
0.014	5488
0.012	5296
0.013	5536
0.015	5600
0.018	5808
0.011	4992
0.012	5328
0.01	5264
0.018	5808
0.017	5776
0.009	4800
0.014	5536
0.019	5808
0.019	5808
0.019	5808
0.019	5808
0.013	5488
0.013	5488
0.011	5152
0.014	5328
0.014	5536
0.013	5536
0.014	5488
0.014	5472
0.009	4768
0.012	5296
0.012	5328
0.013	5536
0.019	5808
0.012	5424
0.01	5296
0.011	5488
0.013	5472
0.008	4848
0.012	5296
0.014	5536
0.01	5296
0.012	5488
0.02	5872
0.021	5936
0.021	5872
0.024	5872
0.03	7120
0.815	16736
1.083	16848
0.024	6512
0.024	6000
0.848	16752
0.128	8752
0.013	5488
1.451	16864
1.448	16784
1.206	16848
0.865	16880
1.457	16912
1.43	16784
0.968	16880
1.35	17088
0.795	16640
0.8	15360
0.608	14896
0.03	6656
0.842	14864
0.819	14944
0.2	11280
0.784	15344
0.551	14784
1.014	15136
0.619	15168
0.957	14944
0.932	15136
0.707	14928
0.826	15232
0.673	14896
0.818	14944
0.847	14832
0.809	14928
0.595	14880
0.024	6448
0.026	6448
0.029	6656
0.02	6128
0.016	6000
0.024	6448
0.038	6880
0.114	8752
0.027	6320
1.179	16720
1.409	16704
0.025	6672
0.774	15168
1.214	16768
0.026	6656
0.035	7008
0.033	7024
0.03	6736
1.056	16384
1.409	16672
1.404	16480
1.379	16480
1.387	16672
1.654	16416
1.112	16768
0.028	6736
1.033	14608
0.791	14560
7.277	29744
1.122	16512
0.035	6960
0.961	15504
0.038	7040
0.028	6656
0.388	12352
0.034	7072
1.11	16128
1.106	16128
0.029	6656
0.029	6656
0.023	6368
0.03	6640
1.143	16800
1.198	16336
0.858	15264
0.808	14624
0.814	14768
0.546	14800
1.428	18064
1.458	18160
0.178	9568
0.017	6048
0.017	6000
0.017	5952
0.055	7920
0.03	7008
0.767	16640
0.762	16704
0.018	5808
1.378	16480
1.208	16800
0.763	14560
0.027	6688
0.026	6512
0.014	5840
0.771	15360
1.103	16704
0.776	16704
0.767	16480
1.297	16400
0.831	16384
0.781	16640
0.78	16304
1.081	16672
0.801	16768
0.986	15568
0.122	9232
0.678	15200
0.021	6128
1.143	15008
0.908	14944
0.722	15168
1.466	17536
2.506	21152
0.031	7120
0.029	7008
1.406	17520
0.955	16336
0.024	6368
1.093	16448
0.029	6832
0.158	9600
1.107	16400
0.018	6112
0.02	6000
0.009	5104
0.058	7888
0.03	6960
0.985	16880
1.365	17456
0.999	16864
0.033	6960
0.026	6512
0.025	6368
1.455	17600
1.201	16768
1.14	16512
0.778	16672
1.156	16816
1.235	16976
0.851	16752
1.073	16752
1.21	16960
1.111	16464
6.769	29216
2.273	23520
2.365	24032
0.013	5472
0.016	5488
0.017	5776
0.045	7152
0.045	7152
0.646	15408
0.723	15504
0.595	15248
0.017	6048
1.075	16768
0.992	15536
1.058	15344
0.897	15472
1.575	16384
1.228	16832
1.117	16704
1.716	16816
1.768	16848
0.365	11584
1.001	16784
0.83	16880
0.836	16784
1.234	16848
1.182	16800
1.122	16752
1.113	16816
0.683	13552
0.756	15296
1.203	16704
0.818	16816
1.23	16800
0.033	7152
0.015	5632
0.026	6512
0.028	6288
1.259	17520
1.425	17616
1.385	17616
0.036	7152
1.185	17088
1.471	18272
1.598	17200
1.364	17392
0.916	17488
1.339	17088
1.36	17120
1.854	16960
0.029	6288
1.208	16704
1.191	16800
0.016	5936
0.018	6112
0.013	5568
0.014	5632
0.013	5728
0.015	5680
0.016	5840
0.015	5680
0.012	5488
0.016	5728
0.012	5568
0.018	5760
0.017	6048
0.023	6112
0.024	6160
0.028	6480
1.348	16768
0.025	6512
1.039	15520
0.033	6640
0.017	6112
0.029	6480
0.787	14896
0.024	6448
1.105	16288
1.139	16480
1.131	16800
0.929	17536
1.584	17152
1.407	16784
1.15	16480
0.028	6480
0.032	7152
0.192	9296
0.669	15920
0.911	16944
1.155	17008
1.148	17008
0.034	7120
0.031	7200
1.522	17504
1.537	17424
0.973	13664
0.802	16976
0.018	6128
1.209	17712
1.19	17632
1.492	16976
1.454	17120
1.109	16800
1.619	17152
1.51	17216
0.976	16848
0.922	16048
0.024	6288
0.991	16448
0.018	6112
0.027	6448
0.024	6288
0.016	5632
0.028	6960
0.032	7120
0.037	7152
1.085	16400
1.35	17632
1.339	17632
1.215	16848
0.03	6544
1.092	16432
1.139	16672
0.729	16224
0.025	6640
0.017	5872
0.017	5872
8.329	31840
7.031	32400
8.248	31680
4.056	25856
5.4	25888
8.386	31664
8.307	31824
8.379	31824
7.014	29952
0.032	7152
0.033	7152
1.439	16432
1.479	16400
0.624	14016
1.167	16096
0.035	7072
0.033	7152
0.024	6608
0.124	9200
0.76	14832
0.761	14896
0.015	5488
0.019	6112
0.014	5680
0.012	5328
0.015	5488
1.43	16768
0.016	5536
0.015	5488
1.335	17040
1.362	17152
1.279	16944
0.027	6544
0.023	6160
0.024	6448
1.226	16480
0.818	15520
0.78	15616
1.356	17504
0.896	15248
2.244	17568
0.028	6480
2.192	17632
0.819	14688
1.481	15536
0.627	14800
0.03	6640
0.717	16384
0.688	16016
0.029	6320
0.02	6000
0.906	16368
1.199	16672
0.231	11232
1.021	16256
1.247	16992
1.278	16912
1.011	16928
0.017	5952
0.881	15264
0.93	15312
0.673	15504
0.963	16032
0.02	6448
0.026	6544
0.032	6960
0.031	6880
0.031	6880
1.18	16032
1.201	16032
0.023	6320
0.015	5680
0.015	5728
0.026	6512
0.036	7216
1.21	16336
0.024	6736
0.024	6736
0.942	14928
0.953	14832
0.032	7120
0.836	17008
1.859	16912
0.9	16912
1.138	16912
1.163	17008
1.041	16880
1.148	16976
0.603	14752
4.938	32368
0.016	5664
1.188	19504
1.311	20272
1.315	20240
2.362	18976
0.006	4144
2.853	19808
1.779	20320
1.47	20512
1.893	20352
1.89	20256
1.955	20352
1.177	19904
1.195	19904
0.78	17424
0.682	16432
0.686	16400
0.955	16640
1.154	18272
1.391	19120
1.916	19600
1.136	16016
1.77	22304
1.067	16048
0.987	15952
1.894	18960
1.942	19088
1.319	20368
3.616	24528
3.622	24592
1.615	20928
0.411	13632
0.348	11552
1.827	19600
2.176	19696
2.397	19696
2.163	19600
2.124	19712
1.163	17152
1.534	19936
1.173	19664
0.943	17584
3.146	20240
3.045	19872
1.361	17184
1.882	22800
1.889	22800
2.404	22000
2.82	22800
0.919	16208
0.91	16112
1.525	19120
1.792	22800
2.924	22768
2.753	22384
1.887	22288
0.839	16880
4.326	23344
3.73	22144
1.389	19872
1.436	20160
1.427	20144
1.074	16192
2.17	20960
0.961	16480
2.107	20912
2.124	20352
2.464	20368
3.166	20512
3.163	20480
2.329	20512
1.372	20512
3.139	20416
3.033	20512
3.37	20416
1.303	20336
3.17	19872
1.769	17040
1.557	19840
0.882	16976
3.103	19728
3.157	19776
1.728	19872
1.751	19840
1.255	19840
1.684	20320
1.1	16704
4.81	24576
3.963	24544
4.261	23984
4.321	24176
3.83	24256
3.94	24528
4.159	24000
4.215	24176
4.199	24176
4.21	24144
1.872	19840
3.039	22960
2.709	22992
2.667	21088
1.794	18784
1.514	20272
1.114	18400
1.844	20272
1.448	20912
1.968	19776
1.944	19728
1.853	19696
2.102	19200
1.265	19200
2.05	19792
2.077	19840
2.07	19904
1.787	17136
1.875	19664
3.293	22080
2.015	19264
1.488	20816
1.129	19632
3.102	22064
3.704	20848
3.748	20992
3.077	19872
2.149	22048
1.529	18912
0.659	13632
0.541	14384
0.421	12736
1.111	16192
1.097	16160
2.81	23056
0.328	11648
0.433	14352
1.87	19568
1.154	19216
1.831	19120
1.877	19232
2.095	19536
2.02	19808
1.055	18384
1.973	19600
3.184	20352
1.875	19568
2.261	19568
0.804	16768
1.159	19296
1.067	16224
1.253	16112
1.366	16000
1.368	16000
1.077	16064
1.136	17600
0.949	17696
1.297	17664
1.436	17536
2.707	20352
2.796	20352
1.236	20272
2.328	20304
2.013	19664
1.621	19664
0.437	13584
0.754	14624
0.086	8640
0.711	16256
1.228	15648
1.24	15632
2.034	19600
2.038	19696
1.995	19024
3.291	19600
2.084	19024
1.915	19264
0.137	10256
0.774	14560
2.057	19696
0.897	16096
0.269	10960
1.012	16256
0.907	16112
1.08	19184
0.749	14832
0.29	11520
3.078	21120
2.825	20208
2.298	21120
0.843	15584
1.96	20208
1.961	20144
1.973	20240
1.983	20208
1.937	19776
2.983	19968
1.017	16160
2.883	20848
2.915	20816
3.108	24208
3.091	24208
1.615	18256
1.169	19024
2.308	19024
2.246	18912
2.311	19056
2.33	19056
3.284	23632
1.298	19568
1.557	19664
1.303	19504
1.628	19760
0.434	14416
0.459	14560
0.936	18240
3.273	22672
1.645	18112
1.674	18272
1.924	20288
1.581	18352
1.886	20320
1.894	20352
1.872	20256
1.877	20320
1.975	20352
1.86	17392
1.848	20464
1.604	16960
2.482	20288
4.133	22112
4.114	21184
4.163	21232
4.188	22112
1.107	18880
0.011	5296
1.033	19136
0.681	16064
2.756	19840
0.033	6480
1.539	16368
1.388	20320
1.374	17184
2.012	20208
0.007	4512
2.429	20432
2.223	20544
1.341	20176
1.254	17552
1.254	17520
2.223	20160
0.948	17600
1.234	17008
2.565	20320
0.956	17632
2.579	20352
1.99	19872
1.979	19840
0.793	17024
0.793	17088
0.8	16880
1.673	17760
2.443	20544
0.991	16848
1.578	20416
2.508	20912
4.138	23344
1.633	22432
1.847	19088
1.982	19056
1.312	19200
1.21	19872
1.233	19840
1.22	16912
0.803	17008
1.366	19728
0.852	17040
1.329	17728
1.522	17760
1.336	17696
1.53	17728
2.279	20480
2.303	20512
1.55	17664
1.558	17760
2.29	20480
1.523	17792
1.515	17664
1.522	17696
0.872	17728
0.877	17760
0.751	16272
0.413	13696
2.208	20320
1.918	20352
1.979	20352
3.069	20320
0.963	17760
0.704	16128
3.14	23456
0.919	16192
0.699	16224
2.169	19840
1.2	19760
0.746	16336
1.434	19936
1.147	18256
1.323	19728
1.259	19872
1.457	20400
2.692	22464
1.311	20400
1.318	20336
2.867	25280
2.229	23584
2.189	23456
0.809	17616
0.815	17728
4.062	23360
1.713	22192
1.677	22064
0.781	17632
3.497	24896
3.387	24224
0.802	17680
0.775	17568
1.281	20256
1.316	20368
0.846	17616
1.283	20336
0.792	17616
0.946	17632
2.072	20944
2.16	23584
3.036	23344
1.631	21456
1.605	22144
0.788	17616
1.321	20464
0.772	17680
1.443	20400
0.799	17680
1.489	20320
1.695	20144
1.107	17536
1.886	20192
1.65	19808
1.703	19808
1.683	20208
1.735	20144
1.691	20144
0.591	15312
1.43	18176
1.745	19872
0.868	18304
0.691	16224
1.73	20192
1.804	19840
0.741	16256
0.982	16224
1.092	17904
1.097	18128
1.538	20400
1.861	22272
1.776	22304
0.874	15584
1.986	20176
2.404	20512
2.374	20432
1.519	19264
3.558	24256
1.232	19456
1.447	19120
2.458	20352
0.914	17488
2.019	20176
0.81	16304
2.991	23312
1.935	20352
0.475	11904
2.119	20368
2.269	19824
2.002	20176
1.943	20176
1.594	17808
2.322	20400
1.502	22080
3.796	23392
1.535	17824
3.151	22928
1.971	22928
1.949	17600
0.889	14352
0.439	13760
0.986	13728
0.529	14384
2.411	20448
2.417	20512
1.296	19600
1.3	19536
2.046	20384
0.822	17728
1.403	17088
1.405	17024
0.441	13280
1.341	19632
1.317	19296
2.086	19696
1.22	19216
4.236	22416
1.243	19264
1.793	22432
2.429	22304
2.561	22800
1.624	19760
1.213	17232
4.643	22880
1.572	19200
4.161	22192
4.137	22192
4.407	22352
2.687	19840
2.702	19840
2.001	17488
1.535	19664
1.658	19904
1.701	19904
1.506	18128
1.281	19808
1.253	19696
0.19	10576
0.014	5600
0.02	6048
0.858	16336
1.561	21024
1.085	18064
0.775	14464
1.038	16336
1.076	16368
1.09	16304
1.267	16160
0.486	13280
0.448	14464
1.567	17104
1.111	16304
0.719	14800
0.784	15200
0.709	14688
0.49	14896
0.786	15200
0.783	15168
3.774	20544
1.247	19808
1.242	19632
2.438	22176
2.695	20432
1.955	20144
1.96	20208
1.955	20144
0.871	17664
1.97	20176
1.964	20144
1.975	20240
0.036	6832
2.548	20240
1.73	17696
2.12	19664
2.127	19728
1.256	19664
2.104	19760
2.036	19664
2.138	19728
2.044	19600
2.029	19664
2.063	19728
1.95	20208
0.838	16224
0.854	16192
0.775	16288
0.998	16768
2.655	21392
2.109	19568
0.841	15648
0.629	15504
2.341	24288
2.356	24224
1.706	19872
1.785	20192
1.785	20160
1.775	20192
1.802	20096
1.775	20160
1.767	20096
0.762	17056
1.793	19936
1.818	20096
1.809	19904
0.774	17120
0.779	17120
2.362	19632
2.668	19296
2.692	19200
1.449	21088
1.567	22272
1.921	22768
2.35	22112
1.183	19232
1.191	19168
2.495	19232
1.332	19216
1.671	19232
2.481	19216
2.511	19184
2.498	19184
2.521	19024
2.55	19216
2.551	19120
3.823	22912
2.423	19232
1.909	19568
1.794	19184
1.061	16672
1.971	19296
1.929	19200
2.451	19264
1.075	19552
1.748	22464
2.574	22736
0.533	14416
0.343	11840
0.343	11904
2.616	22880
1.018	14416
2.544	22768
1.024	14416
0.521	13920
1.223	19760
1.861	22928
1.831	19024
1.873	19184
1.208	19664
1.524	22048
1.49	20480
1.378	19664
0.812	17536
1.221	19760
1.259	19600
1.091	19552
2.063	19168
2.078	19168
1.113	19296
2.724	19792
1.259	20288
0.684	14624
0.36	12176
0.327	11840
0.368	12208
0.323	11952
0.293	11952
1.907	19552
1.895	19664
3.297	22800
2.627	20432
0.931	17648
1.708	17632
1.692	17568
1.726	17632
1.204	17536
1.46	17664
1.208	17600
1.218	17568
1.259	17600
1.234	17632
0.859	17712
0.866	17616
0.861	17712
0.861	17712
0.859	17616
1.392	17712
1.257	17696
2.343	19632
1.728	17696
1.31	17632
0.88	17664
1.707	17632
1.093	19264
1.401	19264
1.897	19056
0.246	11408
2.579	22800
0.249	11728
0.029	6432
1.014	17424
0.791	17520
0.791	17456
0.792	17456
0.801	17520
1.546	17488
0.799	17456
1.016	17520
1.004	17488
1.024	17520
0.498	15344
1.735	19840
1.724	19904
1.727	19872
0.493	12720
1.329	17600
1.023	17840
0.134	10224
1.287	17152
0.328	12336
0.92	16400
1.621	19632
1.527	17136
1.389	17232
1.397	20464
1.558	20240
0.149	9600
4.173	23424
1.762	19776
2.722	19872
1.471	21024
1.901	20976
1.47	20976
0.022	6192
0.725	15984
0.076	8144
0.109	8720
0.022	5936
0.287	12512
1.059	19152
3.082	23568
1.146	19600
1.338	19760
2.017	20288
0.077	8400
1.984	20416
1.931	20432
1.537	20400
3.006	20288
1.97	20208
1.108	15984
1.119	15728
1.161	15984
1.06	15440
1.757	20432
1.883	22784
4.189	22768
1.877	22800
3.857	22768
1.81	19600
2.661	19600
2.689	19664
2.685	19664
2.513	21056
2.502	21088
2.771	20208
2.512	21152
2.812	20240
0.916	15680