0.060	11888
0.044	11568
0.065	11568
0.064	11648
0.075	11776
0.057	11552
0.098	11552
0.098	11616
0.036	11712
0.061	11632
0.065	11552
0.075	11696
0.063	11552
0.092	11552
0.068	11472
0.075	11424
0.056	11696
0.132	12864
0.064	11584
0.091	11776
0.123	11728
0.100	12224
0.142	12960
0.054	11424
0.107	11760
0.106	11552
0.091	11552
0.115	11648
0.197	11744
0.090	11584
0.143	13200
0.109	11744
0.116	11696
0.064	11616
0.120	11424
0.095	11760
0.060	11424
0.060	11632
0.093	11824
0.136	12656
0.065	11728
0.118	11696
0.098	11664
0.094	11440
0.067	11968
0.091	11808
0.082	11552
0.042	11552
0.072	11888
0.073	11616
0.039	11616
0.079	11824
0.102	11664
0.103	11552
0.071	11744
0.038	11392
0.135	12704
0.136	12608
0.082	11632
0.074	11632
0.096	11648
0.081	11440
0.073	11520
0.063	11808
0.098	11648
0.067	11632
0.066	11600
0.062	11808
0.134	12864
0.100	11680
0.099	11648
0.133	12912
0.116	11680
0.090	11552
0.079	11552
0.049	11552
0.059	11824
0.070	11344
0.063	11680
0.050	11856
0.091	11728
0.058	11648
0.055	11776
0.046	11744
0.048	11760
0.079	11728
0.071	11744
0.039	11568
0.082	11792
0.048	11680
0.090	11856
0.069	11552
0.047	11552
0.047	11728
0.090	11648
0.045	11552
0.063	11760
0.110	11648
0.119	11616
0.099	11552
0.051	11568
0.074	11552
0.063	11920
0.067	11360
0.125	11920
0.069	12064
0.081	11904
0.080	11728
0.057	11632
0.185	12528
0.079	11392
0.068	11744
0.058	11552
0.049	12096
0.068	11616
0.054	12112
0.061	11568
0.066	12192
0.064	11600
0.054	11728
0.044	11552
0.069	11888
0.061	11456
0.064	11728
0.045	11872
0.053	11840
0.058	11584
0.064	11792
0.045	11552
0.070	11584
0.049	11744
0.056	11904
0.085	11392
0.070	11632
0.056	11616
0.047	11888
0.061	11760
0.082	11728
0.057	11600
0.064	11360
0.061	12176
0.063	11760
0.092	12016
0.097	11616
0.062	11440
0.102	11552
0.054	11568
0.055	11680
0.056	11552
0.055	11616
0.104	11360
0.069	11632
0.095	11664
0.088	11552
0.062	11712
0.066	11648
0.053	11760
0.067	11584
0.047	12128
0.054	11552
0.054	11488
0.063	11664
0.067	11744
0.070	11600
0.085	11664
0.072	11776
0.052	11728
0.079	11760
0.058	11824
0.081	11664
0.068	11888
0.056	11552
0.074	11792
0.081	11648
0.068	11616
0.081	11552
0.079	11840
0.073	11856
0.060	11744
0.076	12064
0.067	11760
0.104	11632
0.077	11552
0.150	13680
0.110	11552
0.072	11712
0.045	11872
0.123	12032
0.065	11968
0.106	11616
0.121	11888
0.064	11584
0.084	11712
0.059	11552
0.057	11648
0.059	11744
0.048	11776
0.052	11696
0.051	11632
0.099	11792
0.082	11808
0.054	11776
0.055	11728
0.056	11776
0.057	11552
0.038	11776
0.158	14288
0.115	11568
0.139	11552
0.061	11840
0.065	11680
0.054	11696
0.076	11712
0.049	11744
0.048	11744
0.051	11584
0.105	11520
0.119	11776
0.068	11664
0.109	11920
0.084	11744
0.046	11936
0.051	11712
0.043	11552
0.071	11648
0.062	11584
0.093	11552
0.072	11584
0.081	11552
0.049	11776
0.050	11712
0.066	11584
0.096	11728
0.056	11616
0.064	11392
0.087	12032
0.061	11616
0.063	11648
0.058	11824
0.054	11744
0.089	11648
0.091	11488
0.100	11744
0.104	11696
0.036	11920
0.118	11696
0.095	11552
0.042	11616
0.131	12112
0.052	11824
0.037	11936
0.102	11600
0.049	11712
0.058	11824
0.067	11616
0.068	11712
0.051	11824
0.068	11616
0.060	12144
0.062	11728
0.065	12112
0.047	11616
0.070	11728
0.054	11760
0.051	11552
0.054	11616
0.053	11520
0.051	11824
0.054	11552
0.054	11552
0.052	11744
0.070	12048
0.054	11648
0.046	11888
0.072	11568
0.070	12160
0.076	11616
0.074	11744
0.059	11552
0.054	11712
0.076	11648
0.118	11792
0.071	11792
0.081	11568
0.093	11840
0.043	11648
0.114	11808
0.087	11648
0.152	14256
0.054	11632
0.066	11664
0.087	11984
0.137	11840
0.079	12160
0.070	11744
0.123	11552
0.080	11792
0.058	11680
0.073	11632
0.097	12064
0.087	11824
0.123	11680
0.059	11984
0.183	16400
0.121	11872
0.076	11808
0.075	11696
0.076	11552
0.053	11856
0.052	11728
0.077	11600
0.078	11712
0.076	11696
0.073	11552
0.070	11744
0.058	11616
0.066	11744
0.081	12080
0.119	11600
0.088	12048
0.070	11584
0.097	11728
0.103	11616
0.049	11616
0.070	11552
0.105	11872
0.073	11424
0.045	11920
0.045	12240
0.080	11600
0.054	11664
0.121	11776
0.118	11552
0.050	11680
0.064	11552
0.065	11744
0.064	11680
0.039	11888
0.053	11712
0.056	11776
0.100	11712
0.069	11552
0.076	11824
0.078	11824
0.045	11664
0.061	11840
0.066	11616
0.045	12032
0.076	11456
0.044	11776
0.049	12016
0.077	11680
0.047	11936
0.058	11840
0.061	11696
0.057	11648
0.063	11664
0.050	11744
0.055	11712
0.082	11792
0.048	11648
0.048	11920
0.058	11776
0.070	11920
0.054	11680
0.050	11840
0.065	11648
0.049	11424
0.053	11648
0.046	11648
0.097	11712
0.055	11648
0.068	11648
0.050	12048
0.064	11920
0.046	11680
0.056	11648
0.052	11552
0.045	11872
0.058	11792
0.098	11552
0.047	11712
0.063	11552
0.067	11552
0.072	11616
0.067	11568
0.052	11760
0.059	12080
0.058	11648
0.159	12016
0.080	11488
0.069	11616
0.085	11712
0.075	11584
0.113	11552
0.094	11824
0.049	11840
0.077	11616
0.076	11728
0.099	12080
0.069	11760
0.104	11872
0.068	11616
0.074	11632
0.057	11616
0.115	11824
0.051	11632
0.070	11584
0.051	12128
0.067	11360
0.070	12000
0.100	11856
0.070	11664
0.088	11728
0.058	11600
0.049	11648
0.070	11552
0.072	11616
0.047	11616
0.042	11552
0.064	11616
0.066	11776
0.051	11920
0.105	11728
0.107	11552
0.061	11680
0.060	11664
0.121	11856
0.037	11808
0.062	11520
0.056	11648
1.034	87920
0.329	28704
0.142	14432
0.134	13328
0.097	11968
0.126	12496
0.140	12400
0.127	11680
0.136	12448
0.161	14976
0.088	11520
0.127	12032
0.099	11888
0.103	11552
0.101	11424
0.161	15072
0.148	13696
0.605	49920
0.933	81040
0.573	48320
0.587	52336
0.576	47856
0.579	47904
0.574	51520
0.528	48176
0.692	53264
0.606	53216
0.587	48848
0.577	48320
0.566	48640
0.577	48032
0.566	49152
0.577	48704
0.585	49088
0.555	48832
0.552	47344
0.568	48944
0.568	48768
0.529	45872
0.569	48080
0.577	48976
0.640	53200
0.972	81488
0.552	48848
0.889	75552
1.034	87072
0.989	81936
0.707	58032
0.615	52176
0.629	54800
0.521	46288
0.507	45840
0.534	45088
1.326	113584
0.539	44912
0.612	54352
1.130	89888
1.053	89776
1.352	115424
0.550	45968
0.653	52096
0.601	47104
1.055	88912
0.526	44944
0.893	76688
1.052	91488
0.529	46848
0.586	52208
0.581	51664
1.065	90640
0.617	50576
0.644	51392
0.583	48352
0.575	49600
0.599	48608
1.360	114592
0.572	48688
0.563	48944
0.664	61264
0.935	82352
0.596	51424
0.917	80336
0.571	48160
0.696	61232
0.717	61776
0.824	62112
0.751	61648
0.659	51936
0.580	48416
0.625	53120
0.813	70400
0.903	80256
0.576	47840
0.578	48512
1.379	118032
1.102	98320
1.331	115488
0.542	47472
0.773	67904
0.780	68208
0.562	48336
0.544	47488
1.009	88944
1.008	89088
1.036	88880
0.574	49472
0.603	52496
0.546	47520
0.550	46768
0.690	54416
0.650	57936
0.534	46544
0.984	84688
1.137	96848
1.281	109648
0.498	44944
0.508	46784
0.580	49872
0.523	46032
1.068	94224
1.030	87008
1.070	89456
1.025	86304
1.014	86112
1.013	86032
0.575	49888
0.591	50688
0.647	48912
0.581	47920
0.548	46240
1.398	119184
1.325	114976
0.546	47520
1.416	118464
0.596	50144
0.549	48672
0.511	43344
0.524	45424
0.561	47376
0.529	46400
0.914	79184
0.614	54480
0.539	46688
0.578	50128
0.582	51792
0.566	48512
0.564	48496
0.525	45648
0.540	48400
0.793	69600
1.138	100064
0.537	46320
0.601	44928
0.552	47840
0.545	47392
0.542	48048
0.716	62560
0.509	44896
0.721	64368
0.715	64112
0.717	64240
0.942	83936
0.909	80320
0.936	82208
0.553	47152
0.537	46816
0.540	49952
0.524	45376
0.542	46496
0.936	82176
0.935	82208
0.533	46528
1.024	86144
0.893	77136
1.018	89088
0.510	45616
0.920	80144
0.655	58928
0.568	49536
0.552	47088
0.545	45648
0.561	48880
0.644	49104
0.539	47536
0.562	50304
0.529	47408
0.557	49888
0.959	83520
0.607	51728
0.610	51520
0.553	49376
0.872	74624
0.565	50560
0.547	49200
0.558	50016
0.565	50256
0.506	44464
0.974	87248
0.867	74416
0.561	50016
0.565	49600
0.564	49824
0.535	47968
0.566	49744
0.561	49568
0.532	47824
0.648	49936
0.535	48256
0.697	63392
0.562	49648
0.701	61936
0.586	51680
0.564	49696
0.563	49520
0.560	49072
0.794	70720
0.557	49184
0.519	46256
0.466	40976
0.606	51072
0.569	49872
0.533	47920
0.566	49888
0.571	50544
0.572	50496
0.555	48848
0.562	49824
0.857	73296
0.538	47808
0.861	73424
0.791	68752
0.790	68528
0.624	46864
0.570	49856
1.073	92784
1.150	99280
0.550	47216
0.712	64192
0.708	63920
0.608	53840
0.587	49376
0.568	48896
0.578	48960
0.497	43040
0.912	79984
0.961	83680
0.940	82720
0.943	82800
0.900	79840
0.889	79616
0.903	79968
0.509	44448
0.609	46256
0.916	81472
0.923	81952
0.961	83536
0.527	45536
0.540	46112
0.606	53056
1.076	93936
0.549	46816
0.545	48624
0.542	46240
0.597	49248
0.608	55120
0.518	45664
1.111	97856
0.534	48192
0.569	49264
0.521	46048
0.531	46848
0.591	50160
0.566	49296
0.559	49728
0.519	45888
0.958	76464
0.608	50016
0.543	46048
0.591	51520
0.503	43104
0.522	44832
0.564	47312
0.519	44736
0.990	79824
0.699	59968
0.695	60160
0.727	63680
0.798	67168
0.735	60336
0.916	78064
0.749	62784
0.654	54336
0.765	62192
0.674	56496
0.713	58816
1.165	89008
0.899	75472
1.944	157120
0.610	51312
0.834	66848
0.676	56304
0.703	58480
0.807	65136
0.681	58160
0.695	59408
0.711	60784
0.686	58688
0.673	58016
0.738	60784
0.692	57728
0.819	70048
0.739	61040
0.711	59408
0.836	62240
0.656	56624
0.747	61744
0.706	59728
0.672	55840
0.755	64432
0.751	64496
0.732	60128
0.756	62912
0.742	64320
0.744	61184
0.879	74832
0.986	85456
0.718	59744
0.480	44048
0.688	56912
0.713	58800
0.927	78528
0.701	58480
0.923	80416
0.822	60672
0.730	60016
0.746	60256
0.690	60576
0.715	58736
0.671	57408
0.738	61712
0.901	77984
0.741	64272
0.645	54640
0.701	58144
0.767	63536
0.936	80432
0.685	58288
0.669	56608
0.820	67456
0.843	68528
0.701	56784
1.599	132896
0.823	61008
0.720	61072
0.703	58512
0.691	57840
0.748	62112
0.724	59440
1.005	86768
0.747	60960
0.700	58400
0.733	60816
1.379	115520
1.093	94224
0.769	62352
0.729	60128
0.728	59104
0.943	81120
0.969	72848
0.910	75552
0.716	59296
0.650	54064
0.736	60800
0.693	59136
0.770	63488
0.680	56704
1.610	134432
0.723	60448
0.704	58416
1.408	122592
0.687	58032
0.658	54480
0.740	60240
0.757	60816
1.672	134848
0.736	62624
1.086	84768
0.724	59152
0.935	76768
0.798	68224
0.552	48672
0.976	83680
0.728	60160
0.589	51472
2.184	177056
2.051	167424
0.729	60320
0.736	59792
1.037	85008
0.853	71200
0.720	59184
0.518	37280
0.724	60672
0.746	61360
1.005	86464
0.494	47472
0.296	27616
0.467	47136
0.256	25072
0.489	47952
0.270	25776
0.241	22000
0.466	39808
0.313	28224
0.264	25920
0.261	27232
0.244	21840
0.476	46448
0.394	28576
0.297	27520
0.344	37296
0.297	31552
0.294	27536
0.307	32320
0.297	27712
0.298	27760
0.452	46384
0.318	28784
0.485	47264
0.456	46688
0.489	47456
0.304	27792
0.326	29440
0.316	28224
0.303	27312
0.535	46960
0.313	28576
0.260	26944
0.268	25184
0.732	62480
0.303	27568
0.258	27888
0.316	28496
0.269	26784
0.301	27760
0.968	83392
0.237	24544
0.309	32576
0.317	28784
0.530	46768
0.788	65600
0.534	48016
1.229	101952
1.220	101648
1.201	100176
1.234	103120
2.143	180256
1.218	97536
1.168	97424
2.583	223584
1.199	98416
2.110	179760
1.256	98320
1.219	100240
2.317	200768
1.216	100080
1.179	97680
1.156	96416
1.149	97232
1.154	96368
1.162	96672
1.187	99696
2.715	230352
1.311	108528
1.374	115056
1.235	97104
1.130	95648
1.158	96896
1.244	105312
1.152	95840
1.398	119408
2.761	238464
1.179	98864
1.388	118496
1.166	95536
1.189	99776
1.185	98320
1.286	98912
1.335	106864
3.037	251264
1.741	148656
2.777	239872
2.780	239488
5.306	450224
1.175	92512
1.227	99200
1.849	160912
1.781	158448
6.007	492176
1.212	98720
1.217	98160
1.257	103680
4.259	351616
1.194	99824
1.151	98832
2.496	210784
1.286	106944
1.222	105168
1.775	147168
1.199	99984
1.767	149504
1.811	142880
3.820	309312
2.293	188192
0.488	36432
0.385	36432
0.477	42592
0.311	27808
0.717	61824
0.754	67088
0.518	42640
0.366	33600
0.453	42592
0.579	41040
0.624	59568
0.567	49264
0.601	49168
0.536	44848
2.049	164912
0.679	64064
1.713	142112
1.227	100368
0.030	11552
0.027	11552
0.028	11664
0.030	11744
0.029	11696
0.028	11728
0.027	11632
0.028	11888
0.027	11552
0.027	11632
0.027	11552
0.028	11552
0.027	11552
0.029	11920
0.029	11360
0.029	11552
0.030	11632
0.028	11648
0.031	12032
0.031	11696
0.029	11552
0.029	11616
0.425	29712
0.574	48880
0.526	45936
0.588	52960
0.541	48064
0.554	49376
0.570	47120
0.850	72448
0.649	55024
0.755	70032
0.756	64880
1.177	101056
1.187	95056
0.673	58016
0.164	15728
0.283	18240
0.191	16320
0.314	30528
0.136	13888
0.325	29536
0.328	29920
0.057	11648
0.060	11392
0.058	12032
0.041	11552
0.201	19600
0.064	11616
0.116	11872
0.322	29632
0.748	62928
0.367	33248
0.066	11648
0.226	21280
0.137	12608
0.142	13488
0.109	11664
0.207	12544
0.089	11744
0.087	11552
0.110	11920
0.119	11616
0.117	11648
0.109	11600
0.091	11680
0.110	11552
0.149	13504
0.115	11552
0.128	12032
0.106	11888
0.167	15504
0.122	12544
0.058	11552
0.049	11648
0.136	12112
0.047	11552
0.049	11872
0.043	11920
0.045	11936
0.109	11616
0.163	15248
0.125	11552
0.120	11984
0.110	11648
0.200	11776
0.103	11728
0.111	11616
0.107	11488
0.097	11760
0.072	11632
0.049	11584
0.049	12096
0.035	11552
0.037	11616
0.037	11568
0.059	11552
0.033	11552
0.084	11616
0.088	11520
0.162	15376
0.142	13152
0.092	11888
0.095	11552
0.103	11296
0.088	11776
0.106	11696
0.089	11840
0.086	11600
0.088	11792
0.911	79536
0.090	11392
0.790	62560
0.126	11952
0.228	22512
0.299	28448
0.356	33456
0.124	13088
0.112	11648
0.054	11648
0.046	11568
0.060	11616
0.042	11616
0.053	11616
0.096	11600
0.112	11760
0.110	11648
0.126	11872
0.124	11920
0.211	12208
0.096	11552
0.151	14368
0.532	48192
0.247	22720
0.051	11648
0.305	27056
1.004	80416
0.583	52432
0.604	52160
1.063	89296
1.790	151712
0.538	46704
0.814	69520
0.585	44864
0.408	36080
0.204	18160
0.066	11616
0.155	15360
0.137	13232
0.158	14688
0.210	19184
0.158	15312
0.092	11632
0.624	54912
0.661	59008
0.942	81232
0.821	64912
1.030	87728
0.276	23504
0.209	20224
0.158	15728
0.250	23360
0.233	21888
1.077	89616
0.331	30128
0.403	31088
0.466	42400
0.178	17104
0.268	22816
0.248	21712
0.245	22144
0.318	28032
0.233	20848
1.191	100992
0.869	71168
2.595	201952
0.579	50400
0.339	29712
1.191	97888
0.534	47680
0.977	83408
0.450	38272
0.462	31840
1.730	149344
0.300	26944
0.151	15024
0.267	24448
1.035	89856
0.719	61488
0.682	56960
2.223	176704
0.738	61872
1.349	107632
0.194	18176
0.319	28560
0.250	24960
0.317	33824
0.259	26176
0.243	24848
0.270	27488
0.255	26560
0.800	70576
0.347	25920
0.276	27760
0.252	22192
0.247	21824
0.741	63952
0.913	82496
0.613	54288
0.312	33056
0.759	65136
0.322	33472
0.352	26240
0.495	47696
0.308	32144
0.745	62384
0.366	32912
0.797	64880
0.640	56784
0.701	60560
0.248	25024
1.183	103296
0.925	73536
0.269	27312
0.980	83040
0.223	23104
0.459	39440
0.649	55648
0.304	27648
0.687	59936
0.255	25232
0.274	26288
0.737	64240
0.773	68064
0.335	25472
0.865	74208
1.635	140560
0.672	56272
0.344	31360
0.106	11648
0.122	12240
0.138	13744
0.135	12528
0.559	48976
0.580	50784
0.561	50208
1.157	102096
0.660	49984
0.811	72960
0.577	51136
0.529	46480
0.738	62864
0.716	60464
0.656	55632
0.466	40304
0.741	60320
0.571	42416
0.911	74624
0.662	58992
0.893	73952
1.724	139504
0.494	42592
0.467	40096
0.900	75760
0.450	40800
0.562	41440
0.539	44864
1.016	86512
0.930	76080
0.689	56848
0.702	57200
0.685	57344
0.799	59856
1.308	109296
0.490	44416
0.671	57152
0.712	61248
0.679	57264
1.642	134704
1.766	138864
0.930	76944
0.562	50560
0.965	82192
1.710	139568
0.687	56752
0.755	61680
0.968	82576
0.456	40352
0.775	58496
1.717	139072
0.847	70800
0.446	38752
0.704	58400
0.449	39024
0.497	41008
0.537	41200
1.017	84576
0.659	55952
0.408	35744
0.462	41632
1.714	138656
0.442	38560
1.783	138800
0.443	40048
0.678	57328
0.926	76576
0.477	41440
0.432	39456
0.650	55984
0.538	40240
0.479	41168
0.461	40800
0.445	39904
0.968	81456
0.740	60368
1.134	94848
0.530	40320
0.680	57200
0.454	40656
0.478	42256
0.782	66432
0.509	45040
0.658	57360
0.743	57472
0.647	56832
0.882	72864
0.427	37024
0.796	67008
0.451	40624
0.657	57168
0.743	57680
0.643	56224
0.647	56208
0.660	56816
0.460	40992
0.428	36608
0.417	37904
0.770	58976
0.748	60672
0.465	39520
0.555	46512
0.467	41344
0.771	62352
0.544	45664
0.799	60496
0.716	59424
0.747	60896
0.529	47248
0.838	75232
0.403	35760
0.450	39296
1.525	129840
0.826	61376
1.013	83856
0.674	56928
0.756	61616
0.725	59568
0.983	83184
0.463	41040
0.792	66544
0.915	69488
1.749	140432
0.622	55312
0.980	83296
0.452	40576
1.216	99744
0.950	80704
0.666	56976
0.820	61168
0.507	42976
0.471	39184
0.455	40592
0.502	41504
0.797	66784
0.494	44416
1.178	98640
0.032	11616
0.025	11552
0.029	11616
0.111	12496
0.031	11776
0.032	11680
0.032	12032
0.025	11568
0.027	11552
0.025	11552
0.030	11664
0.025	11696
0.025	11552
0.025	11552
0.025	11552
0.027	12128
0.028	11888
0.030	11712
0.028	11616
0.030	11888
0.027	11552
0.026	11616
0.029	11968
0.027	11536
0.025	11664
0.030	11744
0.029	11616
0.027	11712
0.029	11488
0.027	11760
0.032	11632
0.031	11712
0.030	11744
0.027	11600
0.026	11680
0.026	11552
0.029	11552
0.029	11552
0.029	11984
0.026	11552
0.028	11552
0.027	11776
0.027	11840
0.027	11856
0.030	11712
0.030	11584
0.029	11552
0.028	11552
0.026	11552
0.028	11552
0.029	11680
0.026	11664
0.028	11520
0.031	12000
0.029	12176
0.031	11808
0.027	11728
0.025	11392
0.028	11552
0.029	11552
0.026	11632
0.026	11520
0.028	11392
0.029	11456
0.025	11552
0.025	11360
0.025	11552
0.025	11552
0.025	11584
0.028	11552
0.026	11552
0.028	11728
0.027	11648
0.027	11600
0.030	11488
0.031	12064
0.029	11632
0.026	11552
0.026	11856
0.026	11552
0.028	11552
0.026	11584
0.030	11552
0.025	11552
0.028	11648
0.028	11552
0.029	11664
0.029	11616
0.032	12032
0.029	11616
0.030	12016
0.027	11648
0.027	11680
0.025	11552
0.027	11920
0.030	11552
0.029	11552
0.029	11584
0.025	11552
0.028	11568
0.029	11648
0.028	11744
0.024	11424
0.029	11648
0.032	12080
0.026	11552
0.025	11552
0.025	11360
0.025	11632
0.029	11552
0.024	11552
0.023	11568
0.024	11904
0.023	11888
0.023	11552
0.023	11856
0.023	11552
0.022	11360
0.023	11552
0.023	11552
0.023	11552
0.022	11552
0.025	12208
0.026	11792
0.023	11392
0.023	11552
0.025	11664
0.024	11728
0.024	11616
0.025	11840
1.255	97376
0.024	11552
0.022	11552
0.022	11584
0.025	12096
0.025	11680
0.024	11648
0.025	11680
0.025	11760
0.025	11712
0.026	12096
0.024	11776
0.024	11728
0.023	11744
0.023	11600
0.023	11616
0.023	11552
0.024	11584
0.023	11552
0.023	11552
0.023	11696
0.024	11584
0.024	11552
0.026	12064
0.025	11728
0.024	11360
0.025	11888
0.024	11520
0.023	11552
0.023	11552
0.024	11696
0.023	11824
0.024	11824
0.023	11552
0.023	11568
0.023	11568
0.023	11552
0.023	11552
0.023	11552
0.023	11552
0.024	11632
0.025	11744
0.026	11824
0.025	11552
0.023	11552
0.023	11552
0.023	11616
0.023	11552
0.023	11552
0.023	11552
0.023	11664
0.023	11648
0.023	11552
0.023	11600
0.022	11360
0.023	11696
0.023	11552
0.022	11552
0.023	11360
0.022	11552
0.024	11760
0.024	11808
0.025	11712
0.025	11744
0.024	11536
0.024	11856
0.025	11824
0.025	11984
0.024	11600
0.023	11760
0.024	11856
0.023	11584
0.023	11744
0.023	11552
0.023	11680
0.023	11824
0.023	11680
0.023	11744
0.026	11728
1.265	91344
0.025	11600
0.025	11712
0.024	11520
0.027	12112
0.025	11744
0.025	11744
0.025	11632
0.026	11920
0.025	11872
0.026	11744
0.025	11552
0.025	11808
0.027	11616
0.025	11536
0.025	11936
0.025	11712
0.025	11600
0.026	11904
0.025	11904
0.025	11824
0.025	11792
0.027	11952
0.025	11840
0.025	11808
0.026	11872
0.025	11792
0.025	12032
0.026	11648
0.024	11728
0.025	11840
0.025	11904
0.025	11680
0.025	11648
0.025	11904
0.025	11824
0.026	11616
0.026	11696
0.025	11792
0.025	11632
0.028	12000
0.026	11744
0.025	11616
0.026	11840
0.029	12400
0.029	12272
0.026	12000
0.026	11696
0.027	11856
0.026	11776
0.026	11552
0.026	11760
0.025	11648
0.025	11744
0.025	11808
0.026	11696
0.025	11760
0.465	37648
0.026	11712
0.026	11792
0.026	11760
0.026	11792
0.025	11584
0.024	11792
0.603	48768
0.027	11728
1.249	91744
0.604	49136
0.026	11872
0.025	11856
0.024	11600
0.025	11552
0.024	11760
0.028	11552
0.026	11744
0.025	11696
0.029	11728
0.025	11872
0.025	11680
0.025	11776
1.178	92656
0.026	11696
0.026	11776
1.195	92816
0.619	50064
0.025	11728
0.027	11984
0.025	11536
0.027	11920
0.025	11744
0.025	11712
0.584	47792
0.025	11424
0.025	11664
0.025	11552
0.027	12160
0.025	11424
0.024	11840
0.024	11728
0.024	11424
0.025	11792
0.024	11696
0.027	12112
0.029	11952
0.030	11824
0.027	11728
0.027	11856
0.025	11856
0.690	50272
1.048	88688
0.025	11632
0.024	11504
0.024	11552
0.026	11808
0.025	11632
0.025	12032
0.025	11920
0.024	11744
0.025	11600
0.024	11552
0.024	11552
0.025	11872
0.025	11808
0.025	11584
0.024	11552
0.025	11760
0.025	11856
0.024	11664
0.025	11600
0.024	11680
0.026	11616
0.027	12208
0.057	11600
0.025	11888
0.080	11744
0.026	11792
0.024	11392
0.028	11904
0.025	11552
0.024	11584
0.024	11728
0.024	11904
0.025	11664
0.025	11696
0.025	11840
1.172	94304
0.025	11728
0.023	11728
0.024	11600
0.025	11664
0.024	11632
0.022	11568
0.023	11904
0.024	11792
0.032	12528
0.028	12048
0.026	12000
0.026	11984
0.025	11712
0.024	11808
0.024	11568
0.024	11552
0.024	11936
0.024	11680
0.023	11552
0.024	11760
0.023	11648
0.025	12032
0.098	12384
0.030	11824
0.027	12384
0.024	11552
0.024	11904
0.023	11568
0.024	11552
0.023	11648
0.023	11648
0.024	11568
0.026	11600
0.023	11360
0.023	11552
0.023	11648
0.023	11584
0.023	11552
0.023	11552
0.023	11552
0.574	48432
0.024	11600
0.024	11616
0.025	11600
0.027	12064
0.026	11552
0.024	11600
0.023	11424
0.023	11584
0.023	11552
0.024	11552
0.023	11552
0.023	11552
0.023	11552
0.022	11552
0.023	11584
0.024	11552
0.024	11600
0.023	11664
0.023	11552
0.023	11552
1.109	91488
0.024	11552
0.023	11552
0.022	11552
0.026	12032
0.024	11360
0.023	11552
0.023	11552
0.023	11552
0.023	11552
0.023	11584
0.023	11552
0.023	11552
0.023	11680
0.035	11552
0.023	11552
0.023	11552
0.023	11552
0.033	11712
0.024	11728
0.023	11552
0.023	11552
0.025	11584
0.024	11552
0.023	11552
0.023	11552
0.023	11552
0.023	11552
0.023	11552
0.023	11568
0.025	11728
0.024	11552
0.023	11632
0.023	11744
0.023	11520
0.023	11424
0.023	11360
0.023	11632
0.023	11552
0.023	11584
0.023	11552
0.026	12160
0.025	11552
0.023	11552
0.023	11584
0.023	11552
0.023	11552
0.023	11552
0.024	11632
0.023	11552
0.023	11552
0.023	11552
0.023	11584
0.023	11552
0.024	11552
0.023	11552
0.024	11552
0.024	11760
0.024	11360
0.023	11552
0.024	11856
0.102	12480
0.030	12144
0.026	11872
0.025	11792
0.025	11936
0.024	11552
0.024	11488
0.024	11520
0.024	11712
0.023	11648
0.024	11744
0.023	11776
0.023	11488
0.023	11552
0.024	11632
0.024	11568
0.023	11680
0.023	11616
0.023	11632
0.023	11568
0.024	11968
0.025	11840
0.023	11568
0.024	11696
0.024	11616
0.026	11632
0.023	11440
0.024	11392
0.025	11552
0.024	11552
0.024	11552
0.024	11360
0.024	11632
0.026	11600
0.024	11600
0.023	11552
0.023	11552
0.023	11552
0.024	11552
0.096	11776
0.106	11632
0.088	11552
0.121	11552
0.094	11616
0.091	11584
0.029	11792
0.030	12032
0.032	11552
0.038	11712
0.038	11552
0.029	11552
0.033	11584
0.032	11552
0.028	11552
0.028	11552
0.028	11552
0.029	11680
0.029	11824
0.037	11792
0.036	11616
0.032	11552
0.061	12080
0.096	12512
0.073	11552
0.063	11616
0.069	11872
0.042	11680
0.043	11616
0.060	11632
0.059	11552
0.062	12176
0.059	11552
0.063	11984
0.061	11600
0.025	11856
0.025	11600
0.024	11792
0.024	11552
0.024	11552
0.025	11808
0.024	11536
0.068	11616
0.023	11552
0.023	11552
0.023	11456
0.026	11936
0.025	11552
0.023	11552
0.025	11776
0.023	11552
0.024	11552
0.023	11552
0.023	11552
0.023	11696
0.023	11664
0.023	11552
0.023	11792
0.023	11552
0.024	11552
0.023	11552
0.023	11552
0.022	11584
0.023	11552
0.025	11920
0.024	11584
0.023	11552
0.023	11552
0.024	11792
0.023	11552
0.023	11552
0.023	11552
0.023	11552
0.023	11552
0.023	11360
0.023	11552
0.023	11552
0.023	11808
0.023	11552
0.023	11552
0.023	11552
0.023	11552
0.023	11552
0.025	12016
0.024	11552
0.023	11552
0.023	11552
0.023	11712
0.025	11552
0.025	11536
0.025	11712
0.025	11600
0.025	11616
0.025	11600
0.025	11632
0.025	11552
0.025	11552
0.025	11552
0.025	11552
0.025	11552
0.025	11552
0.029	12160
0.026	11552
0.025	11552
0.026	11680
0.024	11552
0.023	11552
0.023	11648
0.023	11680
0.023	11632
0.023	11840
0.023	11552
0.023	11664
0.023	11552
0.023	11552
0.025	11552
0.023	11552
0.022	11552
0.023	11552
0.023	11664
0.031	11824
0.092	12480
0.030	12064
0.026	12272
0.024	11552
0.023	11552
0.023	11568
0.023	11552
0.023	11616
0.023	11504
0.023	11552
0.023	11552
0.023	11552
0.023	11552
0.023	11552
0.023	11552
0.023	11552
0.023	11552
0.023	11568
0.023	11552
0.023	11552
0.023	11584
0.025	12160
0.023	11584
0.023	11552
0.023	11616
0.023	11552
0.023	11552
0.023	11552
0.023	11392
0.023	11584
0.023	11552
0.023	11552
0.022	11552
0.023	11552
0.023	11552
0.023	11552
0.025	11696
0.024	11616
0.023	11552
0.023	11440
0.023	11680
0.027	12256
0.024	11648
0.023	11552
0.023	11552
0.023	11552
0.023	11552
0.023	11552
0.023	11552
0.023	11552
0.023	11584
0.023	11552
0.023	11552
0.023	11552
0.023	11552
0.024	11696
0.024	11712
0.023	11552
0.022	11552
0.023	11552
0.025	12016
0.024	11552
0.026	11552
0.026	11552
0.026	11552
0.026	11552
0.026	11552
0.025	11552
0.025	11552
0.023	11552
0.026	11552
0.026	11552
0.025	11552
0.027	11552
0.025	11760
0.026	11600
0.026	11552
0.026	11552
0.030	12144
0.025	11776
0.026	11568
0.026	11632
0.025	11552
0.026	11552
0.026	11552
0.145	12640
0.167	14720
0.163	14432
0.163	14352
0.024	11712
0.023	11648
0.043	11872
0.043	11648
0.036	11552
0.037	11552
0.045	11616
0.045	11552
0.038	11552
0.039	11552
0.037	11552
0.036	11552
0.236	14272
0.147	13248
0.151	13760
0.151	13664
0.151	13456
0.148	13328
0.151	13536
0.144	13248
0.149	13280
0.151	13648
0.137	12448
0.125	11616
0.027	12176
0.026	11584
0.024	11552
0.024	11632
0.024	11760
0.024	11600
0.024	11584
0.024	11568
0.024	11392
0.024	11552
0.023	11552
0.024	11552
0.024	11552
0.024	11552
0.024	11552
0.024	11552
0.023	11552
0.023	11552
0.023	11552
0.025	11920
0.100	12608
0.030	11792
0.026	11696
0.025	11552
0.024	11664
0.024	11664
0.024	11744
0.024	11872
0.023	11552
0.023	11552
0.023	11552
0.023	11552
0.023	11552
0.023	11552
0.023	11552
0.023	11584
0.024	11552
0.025	11584
0.024	11664
0.024	11552
0.025	11824
0.024	11584
0.024	11696
0.024	11664
0.024	11536
0.024	11744
0.023	11552
0.024	11584
0.023	11552
0.023	11552
0.023	11552
0.023	11392
0.023	11552
0.023	11552
0.023	11584
0.024	11584
0.024	11568
0.023	11600
0.023	11552
0.026	12032
0.025	11392
0.024	11552
0.024	11584
0.023	11552
0.024	11552
0.024	11552
0.023	11552
0.023	11392
0.023	11552
0.023	11552
0.023	11552
0.024	11552
0.024	11552
0.024	11552
0.024	11728
0.024	11776
0.023	11552
0.023	11552
0.025	11840
0.025	11552
0.024	11824
0.023	11568
0.023	11552
0.023	11552
0.023	11360
0.023	11552
0.023	11552
0.023	11552
0.023	11552
0.023	11552
0.023	11552
0.023	11584
0.024	11632
0.023	11552
0.024	11552
0.023	11552
0.023	11584
0.026	11792
0.025	11552
0.023	11632
0.024	11552
0.024	11552
0.024	11552
0.024	11552
0.024	11552
0.023	11552
0.023	11552
0.023	11392
0.024	11552
0.023	11552
0.023	11552
0.024	11664
0.024	11680
0.023	11712
0.023	11520
0.023	11392
0.025	11712
0.025	11712
0.023	11552
0.024	11552
0.023	11552
0.023	11552
0.023	11552
0.023	11552
0.023	11552
0.023	11360
0.023	11552
0.023	11584
0.023	11552
0.024	11600
0.024	11632
0.023	11360
0.023	11632
0.023	11360
0.023	11552
0.026	12048
0.024	11520
0.024	11552
0.024	11552
0.024	11552
0.024	11552
0.023	11552
0.024	11552
0.023	11552
0.023	11552
0.023	11552
0.023	11552
0.023	11552
0.024	11632
0.024	11552
0.024	11712
0.024	11696
0.023	11600
0.023	11552
0.025	11984
0.025	11552
0.024	11856
0.024	11648
0.023	11552
0.023	11552
0.023	11584
0.023	11392
0.024	11552
0.023	11552
0.023	11552
0.023	11552
0.024	11632
0.024	11568
0.023	11552
0.024	11552
0.024	11552
0.023	11632
0.024	11600
0.025	11968
0.025	11744
0.024	11552
0.023	11552
0.023	11360
0.023	11584
0.023	11552
0.023	11552
0.023	11552
0.023	11552
0.023	11552
0.023	11552
0.024	11360
0.024	11584
0.024	11840
0.024	11584
0.023	11392
0.023	11648
0.023	11552
0.026	11984
0.100	12224
0.029	11520
0.027	11936
0.025	11552
0.024	11552
0.023	11552
0.024	11552
0.025	11808
0.024	11552
0.024	11360
0.024	11552
0.024	11680
0.023	11552
0.024	11712
0.024	11552
0.024	11552
0.024	11552
0.024	11552
0.024	11552
0.024	11360
0.026	11856
0.025	11552
0.024	11552
0.024	11552
0.023	11360
0.024	11632
0.024	11712
0.024	11744
0.024	11552
0.023	11424
0.023	11552
0.024	11632
0.024	11696
0.023	11552
0.023	11360
0.023	11552
0.023	11552
0.023	11552
0.024	11552
0.027	12128
0.025	11552
0.024	11552
0.024	11360
0.025	11664
0.024	11664
0.024	11632
0.024	11664
0.024	11664
0.024	11808
0.024	11792
0.024	11552
0.023	11552
0.025	11872
0.024	11552
0.024	11552
0.024	11552
0.023	11632
0.023	11552
0.026	12048
0.024	11552
0.023	11552
0.024	11824
0.024	11680
0.023	11552
0.024	11600
0.023	11424
0.023	11552
0.024	11552
0.023	11552
0.023	11584
0.023	11632
0.023	11552
0.023	11552
0.023	11552
0.024	11552
0.023	11552
0.023	11552
0.027	12320
0.025	11552
0.024	11552
0.024	11584
0.024	11552
0.024	11648
0.024	11552
0.024	11648
0.023	11552
0.023	11552
0.023	11552
0.023	11552
0.023	11552
0.023	11552
0.024	11552
0.024	11552
0.023	11552
0.023	11552
0.023	11552
0.026	12064
0.025	11552
0.025	11536
0.024	11552
0.024	11664
0.024	11552
0.024	11568
0.024	11552
0.023	11552
0.023	11616
0.023	11552
0.024	11552
0.024	11552
0.024	11552
0.023	11552
0.024	11552
0.024	11552
0.023	11552
0.023	11584
0.026	11840
0.025	11616
0.025	11776
0.023	11648
0.023	11520
0.024	11648
0.023	11584
0.023	11552
0.023	11552
0.023	11552
0.023	11584
0.023	11552
0.023	11552
0.023	11552
0.024	11552
0.024	11552
0.023	11552
0.024	11552
0.023	11552
0.026	11968
0.025	11664
0.024	11552
0.024	11552
0.024	11552
0.024	11552
0.023	11552
0.023	11552
0.023	11568
0.023	11552
0.023	11552
0.023	11552
0.023	11424
0.023	11552
0.023	11552
0.023	11552
0.023	11552
0.023	11584
0.023	11552
0.026	11776
0.025	11584
0.024	11664
0.024	11360
0.023	11680
0.023	11552
0.023	11744
0.024	11568
0.024	11616
0.024	11648
0.024	11552
0.024	11584
0.025	11552
0.024	11552
0.024	11552
0.024	11552
0.025	11552
0.025	11552
0.024	11552
0.035	12080
0.091	12272
0.029	12096
0.027	11808
0.027	11696
0.026	11552
0.025	11552
0.024	11552
0.024	11552
0.023	11552
0.023	11552
0.023	11552
0.023	11360
0.023	11552
0.024	11552
0.024	11664
0.024	11728
0.024	11552
0.024	11552
0.025	11584
0.024	11552
0.024	11552
0.026	11744
0.025	11552
0.024	11552
0.024	11552
0.024	11552
0.024	11552
0.024	11552
0.024	11552
0.023	11552
0.024	11552
0.023	11552
0.024	11584
0.024	11552
0.024	11680
0.024	11584
0.024	11568
0.023	11552
0.023	11520
0.023	11648
0.026	12240
0.025	11552
0.024	11552
0.024	11552
0.023	11552
0.024	11552
0.023	11552
0.023	11552
0.023	11552
0.023	11552
0.024	11680
0.023	11600
0.023	11520
0.024	11680
0.023	11552
0.024	11568
0.023	11392
0.024	11632
0.024	11792
0.026	11840
0.025	11552
0.024	11552
0.024	11552
0.024	11552
0.024	11552
0.023	11552
0.023	11584
0.023	11552
0.023	11456
0.024	11824
0.024	11392
0.024	11600
0.023	11552
0.024	11584
0.023	11552
0.023	11552
0.023	11616
0.023	11552
0.025	11680
0.025	11552
0.024	11552
0.023	11552
0.023	11360
0.023	11552
0.023	11552
0.024	11552
0.024	11552
0.024	11712
0.024	11552
0.024	11552
0.024	11552
0.024	11552
0.024	11552
0.024	11552
0.024	11552
0.023	11520
0.023	11632
0.026	11936
0.024	11552
0.023	11552
0.023	11552
0.023	11552
0.023	11552
0.023	11552
0.023	11552
0.024	11552
0.024	11536
0.024	11632
0.024	11648
0.024	11792
0.024	11632
0.024	11600
0.024	11584
0.024	11552
0.024	11520
0.024	11552
0.026	11856
0.024	11360
0.023	11552
0.023	11552
0.024	11552
0.024	11552
0.024	11552
0.023	11584
0.024	11744
0.023	11520
0.023	11632
0.023	11552
0.023	11552
0.024	11680
0.023	11552
0.024	11792
0.023	11616
0.023	11552
0.023	11552
0.025	11936
0.024	11552
0.023	11552
0.023	11552
0.023	11552
0.023	11584
0.023	11552
0.025	11648
0.025	11600
0.025	11792
0.024	11552
0.025	11552
0.024	11552
0.024	11552
0.024	11552
0.025	11712
0.025	11616
0.024	11552
0.023	11552
0.027	11872
0.024	11552
0.024	11552
0.023	11552
0.023	11552
0.023	11552
0.024	11648
0.024	11424
0.023	11552
0.023	11616
0.023	11552
0.023	11568
0.023	11552
0.024	11552
0.025	11552
0.024	11552
0.024	11552
0.023	11552
0.024	11552
0.025	11824
0.098	12432
0.030	11632
0.027	11824
0.025	11664
0.023	11648
0.024	11552
0.024	11568
0.024	11520
0.024	11392
0.023	11552
0.024	11360
0.023	11552
0.023	11552
0.023	11552
0.023	11552
0.023	11552
0.024	11552
0.024	11552
0.023	11552
0.023	11552
0.024	11616
0.026	12016
0.025	11552
0.024	11552
0.024	11552
0.024	11792
0.023	11552
0.024	11552
0.024	11760
0.024	11552
0.024	11552
0.024	11552
0.023	11552
0.024	11552
0.023	11552
0.024	11552
0.024	11552
0.023	11552
0.024	11808
0.023	11552
0.025	11792
0.024	11648
0.025	11552
0.024	11424
0.024	11552
0.024	11552
0.025	11552
0.025	11552
0.025	11552
0.025	11552
0.025	11584
0.065	11552
0.050	11552
0.025	11648
0.026	11632
0.067	11488
0.027	11552
0.024	11552
0.062	11936
0.059	11648
0.064	11840
0.076	11616
0.060	11680
0.059	11760
0.058	12016
0.050	11552
0.066	11648
0.045	11552
0.057	11552
0.025	11552
0.049	11552
0.131	11840
0.033	11808
0.048	11552
0.063	11600
0.046	11568
0.064	11360
0.042	11552
0.042	11616
0.059	11360
0.050	11936
0.050	11680
0.050	11552
0.049	11696
0.050	11632
0.066	11552
0.026	11552
0.026	11552
0.028	12112
0.027	11584
0.025	11552
0.025	11632
0.026	11552
0.032	11552
0.026	11648
0.066	11760
0.055	11648
0.027	12192
0.049	11584
0.061	11552
0.025	11552
0.027	11680
0.026	11568
0.026	11632
0.052	11520
0.053	11728
0.054	11744
0.052	11600
0.053	11616
0.050	11552
0.056	11552
0.026	11392
0.042	11552
0.042	11616
0.111	11600
0.066	11520
0.025	11696
0.045	11552
0.030	11648
0.027	11392
0.054	11552
0.026	11392
0.051	11360
0.056	11616
0.028	11856
0.030	11824
0.026	11552
0.026	11392
0.054	11552
0.047	11552
0.045	11616
0.043	11728
0.075	11552
0.055	11584
0.070	11760
0.068	11552
0.081	12272
0.047	12288
0.028	11904
0.025	11552
0.030	11552
0.025	11552
0.070	11552
0.069	11424
0.026	11664
0.053	11552
0.065	11712
0.046	11712
0.025	11552
0.025	11552
0.024	11360
0.042	11552
0.061	11552
0.072	11552
0.074	11664
0.055	11616
0.068	11968
0.073	11616
0.073	11792
0.061	11552
0.075	11792
0.048	11568
0.029	11696
0.049	11552
0.024	11552
0.048	11552
0.052	11936
0.054	11552
0.053	11552
0.075	11616
0.027	11424
0.026	11728
0.060	12032
0.055	11648
0.026	11584
0.066	12032
0.026	11392
0.027	11552
0.050	11840
0.025	11552
0.024	11552
0.023	11552
0.029	11904
0.027	11552
0.070	11648
0.050	11568
0.059	11952
0.027	11552
0.026	11552
0.026	11552
0.052	11552
0.066	11552
0.067	11648
0.070	11648
0.055	12032
0.054	11360
0.076	11552
0.052	11552
0.139	11728
0.053	11888
0.116	11616
0.099	11552
0.102	11552
0.024	11552
0.027	12016
0.025	11552
0.028	11840
0.028	11584
0.060	11648
0.054	11552
0.059	11824
0.024	11552
0.056	11648
0.048	11664
0.051	11552
0.050	11552
0.054	11760
0.069	11712
0.053	11632
0.054	11792
0.051	11632
0.033	11552
0.079	12000
0.072	11616
0.066	11984
0.050	11744
0.056	11664
0.053	11648
0.055	11744
0.041	11360
0.045	11552
0.057	11824
0.063	11552
0.070	12000
0.027	11680
0.024	11552
0.028	11680
0.027	11552
0.048	11552
0.054	11744
0.098	11552
0.026	11552
0.053	11680
0.052	11616
0.122	11616
0.068	12016
0.066	11552
0.052	11760
0.049	11552
0.052	11648
0.027	11744
0.057	11616
0.065	11616
0.027	12000
0.026	11584
0.025	11872
0.024	11568
0.024	11552
0.024	11552
0.024	11552
0.024	11552
0.024	11552
0.024	11552
0.023	11552
0.023	11552
0.025	11600
0.026	11552
0.026	11552
0.025	11552
0.050	11552
0.025	11552
0.046	11552
0.029	12048
0.025	11552
0.026	11552
0.045	11824
0.026	11552
0.060	11552
0.067	11552
0.056	11808
0.074	11840
0.056	11952
0.053	11552
0.068	11552
0.026	11552
0.025	11552
0.029	11904
0.063	11648
0.067	11648
0.142	12336
0.055	11584
0.027	11392
0.025	11552
0.061	11552
0.061	11360
0.045	11936
0.073	11552
0.024	11744
0.082	11552
0.082	11616
0.053	11552
0.055	11776
0.055	11552
0.055	11680
0.051	11680
0.075	11840
0.055	11872
0.026	11552
0.052	11552
0.028	12048
0.027	11552
0.026	11552
0.025	11792
0.026	11392
0.026	11552
0.027	11712
0.062	11792
0.098	11488
0.096	11792
0.055	11552
0.028	11584
0.067	11616
0.066	11648
0.071	11792
0.026	11696
0.025	11552
0.028	11664
0.122	11616
0.134	11824
0.124	11776
0.140	12336
0.096	12064
0.208	11984
0.123	11680
0.124	11792
0.137	11856
0.029	11760
0.027	11648
0.050	11680
0.048	11744
0.050	11808
0.050	11872
0.026	11392
0.028	11936
0.026	11552
0.028	11552
0.045	11552
0.045	11552
0.024	11552
0.024	11552
0.024	11552
0.023	11552
0.024	11648
0.051	11696
0.024	11616
0.023	11632
0.059	11728
0.058	11552
0.056	11792
0.024	11552
0.025	11552
0.024	11552
0.052	11904
0.072	11744
0.055	12048
0.057	11568
0.047	11712
0.055	11552
0.026	11552
0.056	11664
0.043	11552
0.047	11616
0.051	11712
0.027	11552
0.155	11696
0.068	11552
0.026	11392
0.025	11552
0.071	11920
0.057	11552
0.044	12128
0.048	11584
0.064	11664
0.061	11760
0.074	11552
0.028	11936
0.046	11360
0.046	11552
0.060	11616
0.050	11696
0.024	11552
0.030	12080
0.027	11552
0.026	11632
0.026	11648
0.049	11552
0.050	11552
0.025	11552
0.026	11776
0.025	11552
0.026	11552
0.025	11552
0.049	11552
0.026	11616
0.025	11552
0.045	11680
0.046	11648
0.026	11552
0.075	11552
0.050	11552
0.079	12192
0.054	11552
0.055	11552
0.058	11616
0.056	11616
0.055	11488
0.162	13888
0.024	11552
0.083	11552
0.093	11568
0.093	11616
0.058	11648
0.025	11584
0.064	11456
0.074	11792
0.097	11792
0.116	11568
0.198	11648
0.116	11552
0.084	11552
0.084	11696
0.069	11424
0.060	11552
0.063	12000
0.070	11552
0.081	11728
0.082	11600
0.115	11472
0.046	11552
0.088	11552
0.045	11552
0.046	11664
0.058	11552
0.059	11696
0.090	11632
0.084	11776
0.084	11616
0.081	11552
0.054	11552
0.034	11920
0.065	11648
0.062	11648
0.069	12000
0.062	11552
0.065	11680
0.070	11616
0.078	12016
0.087	11728
0.144	12560
0.065	11744
0.061	11616
0.056	11664
0.110	11824
0.108	11744
0.078	11616
0.092	11552
0.069	11712
0.067	11648
0.074	11872
0.106	11552
0.090	11600
0.136	12944
0.100	11904
0.074	11664
0.075	11696
0.070	11632
0.088	11424
0.089	11552
0.090	11424
0.057	11552
0.077	11856
0.072	11824
0.117	11632
0.119	11648
0.060	11648
0.065	11552
0.153	11792
0.088	11616
0.091	11616
0.067	11664
0.069	11664
0.068	11872
0.090	11616
0.075	11552
0.053	11552
0.081	11616
0.073	11552
0.075	11552
0.077	11648
0.091	11552
0.093	11552
0.085	11712
0.096	11616
0.049	11712
0.086	11616
0.103	11776
0.083	11616
0.084	11424
0.105	11568
0.103	11632
0.083	11584
0.100	11616
0.135	12672
0.084	11792
0.080	11632
0.129	11568
0.082	11776
0.081	11424
0.062	11616
0.086	11760
0.073	11680
0.071	11616
0.095	11888
0.117	11344
0.117	12000
0.081	11552
0.074	11552
0.090	11616
0.119	11632
0.119	11808
0.119	11552
0.056	11600
0.079	11552
0.074	11776
0.103	11648
0.156	12640
0.083	11456
0.071	11712
0.070	11584
0.071	11728
0.063	11552
0.100	11952
0.082	11552
0.067	12064
0.046	11760
0.045	11648
0.084	11728
0.085	11616
0.080	11616
0.048	11552
0.058	11760
0.060	11664
0.080	11760
0.057	11616
0.060	11808
0.062	11600
0.068	11552
0.079	11568
0.095	12336
0.070	11680
0.074	11728
0.058	11824
0.054	11552
0.165	11616
0.053	11744
0.049	11664
0.047	11840
0.047	11904
0.082	11552
0.057	11984
0.064	11392
0.064	11840
0.051	11456
0.071	11600
0.073	11616
0.084	11696
0.097	11552
0.081	11552
0.075	11424
0.055	11808
0.047	11568
0.032	11584
0.071	11888
0.047	11552
0.049	12032
0.062	11616
0.061	11632
0.062	11984
0.064	11552
0.064	11840
0.117	11552
0.036	11392
0.049	11552
0.121	11712
0.069	11552
0.043	11616
0.051	11616
0.049	11552
0.082	11552
0.044	11552
0.034	11872
0.067	11552
0.063	11552
0.171	11776
0.071	11552
0.078	11616
0.077	11392
0.078	11648
0.082	11776
0.067	11616
0.064	11616
0.063	11936
0.064	11616
0.065	11792
0.150	14096
0.147	13760
0.055	11984
0.071	11424
0.069	11824
0.067	11600
0.069	12048
0.068	11552
0.089	11904
0.082	11616
0.091	11856
0.082	11552
0.093	11808
0.057	11616
0.057	11632
0.080	11648
0.081	11616
0.194	11616
0.110	11632
0.116	11552
0.063	11616
0.117	11552
0.113	11552
0.113	11552
0.115	11648
0.120	11680
0.057	11552
0.081	11392
0.056	11872
0.074	11552
0.078	11904
0.078	11760
0.078	11568
0.075	11648
0.074	11552
0.026	11584
0.083	11552
0.060	11616
0.065	11936
0.030	11856
0.048	11552
0.087	11552
0.054	11744
0.080	11552
0.026	11856
0.078	11552
0.090	11808
0.178	11664
0.066	11760
0.061	11552
0.076	11648
0.074	11664
0.065	11712
0.071	11488
0.075	11792
0.073	11456
0.123	11792
0.118	11632
0.070	11664
0.069	11648
0.069	11888
0.054	11552
0.074	11952
0.079	11648
0.082	11648
0.068	11824
0.074	11872
0.100	11744
0.056	11616
0.057	11824
0.092	11680
0.087	11584
0.088	11824
0.060	11616
0.069	11568
0.090	11888
0.088	11552
0.120	12544
0.063	11552
0.058	11552
0.063	12048
0.076	11792
0.077	12112
0.060	11664
0.061	11728
0.074	11552
0.062	12064
0.059	11552
0.062	11872
0.075	11680
0.078	11840
0.065	11552
0.054	11808
0.078	11776
0.116	11648
0.117	11680
0.066	11504
0.069	11616
0.070	11632
0.155	13856
0.070	11616
0.067	11584
0.067	11952
0.081	11616
0.065	11696
0.086	11392
0.074	11696
0.082	11648
0.088	11536
0.089	11616
0.206	13072
0.088	11568
0.090	11616
0.097	11552
0.109	11552
0.108	11552
0.074	11584
0.073	11616
0.076	11632
0.102	11552
0.099	11648
0.073	11808
0.156	15408
0.150	14704
0.072	11632
0.071	11648
0.086	11696
0.087	11776
0.074	11616
0.089	11616
0.071	11552
0.059	11424
0.103	11696
0.107	11552
0.103	11360
0.185	11616
0.096	11680
0.072	11520
0.091	11712
0.071	11552
0.073	11616
0.074	11904
0.083	11552
0.064	11728
0.052	11648
0.089	11840
0.063	11552
0.064	11648
0.066	11888
0.063	11424
0.064	11888
0.064	11792
0.069	11824
0.061	11392
0.077	11616
0.068	11712
0.064	11648
0.070	11808
0.068	11616
0.052	11808
0.063	11552
0.066	11664
0.078	11936
0.094	11760
0.090	11824
0.091	11616
0.139	12400
0.130	11840
0.130	11856
0.084	11792
0.086	11616
0.088	11616
0.065	11616
0.068	11584
0.070	11712
0.079	11616
0.059	11584
0.147	13520
0.115	11632
0.035	11664
0.105	11776
0.069	11392
0.082	11552
0.080	11632
0.054	11680
0.067	11648
0.098	11280
0.078	11552
0.101	11552
0.082	11632
0.107	11584
0.056	11616
0.040	11552
0.057	11456
0.043	11552
0.045	11616
0.150	12480
0.066	11728
0.094	11712
0.094	11552
0.081	11552
0.069	11616
0.055	11808
0.056	11936
0.057	11648
0.072	11552
0.071	11616
0.061	11712
0.077	11648
0.074	12112
0.083	11648
0.097	11648
0.131	12432
0.136	12784
0.079	11584
0.063	11552
0.076	12000
0.061	11904
0.069	11552
0.073	11600
0.072	11616
0.065	11712
0.062	11616
0.056	11888
0.092	11616
0.154	12432
0.076	11728
0.052	11568
0.091	11888
0.087	11552
0.029	11360
0.024	11680
0.027	11712
0.060	11648
0.099	11616
0.058	11552
0.041	11648
0.058	11696
0.058	11552
0.060	11696
0.048	11552
0.042	11552
0.057	11648
0.056	11856
0.051	11552
0.067	11552
0.072	11552
0.069	11648
0.057	11744
0.071	11616
0.073	12000
0.071	11648
0.089	11904
0.090	11552
0.134	12496
0.069	11856
0.080	11392
0.080	11904
0.079	11648
0.069	11616
0.169	12576
0.078	11360
0.079	11616
0.027	11360
0.063	11616
0.053	11552
0.066	11888
0.065	11712
0.080	11856
0.089	11616
0.064	11552
0.064	11552
0.065	11680
0.062	11552
0.065	11776
0.079	11776
0.060	12144
0.059	11632
0.057	11968
0.069	11552
0.069	11664
0.079	11552
0.054	11456
0.051	11424
0.114	11552
0.115	11552
0.092	11760
0.094	11424
0.093	11616
0.172	11808
0.097	11776
0.094	11808
0.093	11712
0.070	11760
0.094	11616
0.092	11552
0.093	11488
0.072	11456
0.072	11632
0.064	11808
0.063	11552
0.065	11920
0.093	11712
0.097	11392
0.102	11568
0.071	11648
0.089	11616
0.088	11552
0.060	11648
0.079	11696
0.074	11840
0.058	11552
0.062	11936
0.062	11968
0.058	11552
0.143	12048
0.064	11920
0.075	11424
0.064	11712
0.067	11552
0.069	11904
0.074	12048
0.078	12176
0.119	11552
0.060	11552
0.078	11392
0.088	12016
0.137	12880
0.044	11616
0.036	11616
0.036	11552
0.132	12640
0.045	12048
0.132	12752
0.044	11888
0.043	11616
0.083	11552
0.105	11616
0.112	11552
0.112	11648
0.082	11552
0.098	11552
0.098	11552
0.078	11552
0.073	11552
0.175	12416
0.089	11600
0.082	11552
0.057	11552
0.060	11920
0.085	11936
0.061	11488
0.091	11888
0.047	11424
0.045	11552
0.046	11616
0.048	12016
0.045	11696
0.046	11968
0.072	11552
0.087	12144
0.075	11552
0.074	11488
0.069	11552
0.052	11680
0.055	11776
0.053	11648
0.063	11552
0.056	11552
0.063	11824
0.061	11552
0.065	11872
0.062	11552
0.071	11936
0.069	11648
0.069	12144
0.069	11552
0.154	12592
0.061	12016
0.055	11648
0.064	11888
0.053	11552
0.059	11680
0.068	11552
0.056	12032
0.083	11616
0.070	11712
0.061	11648
0.046	11936
0.135	12752
0.037	11552
0.023	11552
0.073	11648
0.068	11584
0.070	11808
0.068	11664
0.070	11856
0.052	11552
0.071	12064
0.059	11552
0.061	11984
0.059	11584
0.063	12112
0.087	11584
0.088	11552
0.087	11552
0.052	11728
0.069	11744
0.082	12176
0.035	11552
0.104	11616
0.063	12688
0.054	11968
0.081	12128
0.050	11728
0.056	11776
0.091	11552
0.070	11552
0.035	11552
0.075	11552
0.071	11616
0.064	11824
0.097	11664
0.078	11776
0.095	11616
0.026	11552
0.066	12096
0.033	11472
0.034	11648
0.027	11808
0.041	11392
0.080	11616
0.130	11712
0.087	11776
0.090	11552
0.067	11680
0.028	11728
0.073	11456
0.117	11616
0.071	11552
0.065	11552
0.201	12080
0.048	11728
0.048	11552
0.048	11616
0.049	11952
0.092	11648
0.105	11680
0.078	11632
0.106	11744
0.076	11552
0.066	11552
0.066	11856
0.063	11568
0.065	11792
0.073	11552
0.074	11600
0.062	11552
0.076	11920
0.064	11552
0.078	12032
