1236	860
1172	965
2194	2113
2487	2079
2730	2255
2246	1775
2823	2264
2687	2093
1247	837
1661	1500
2255	2134
2797	2667
2114	2056
3309	2351
2212	2225
2411	1883
2016	1813
3684	2870
2135	2078
2558	2520
3682	4089
2433	1566
3626	2770
1787	1533
3856	3899
2372	2287
3276	3057
3064	3347
3028	3497
3055	1694
3664	2930
2746	1718
2818	2914
1870	1794
2473	2377
2474	2847
1883	1293
2184	1686
2486	2746
3973	3351
1875	1774
3685	3790
2540	2479
2490	1779
1635	1893
2013	2241
2670	2732
1222	808
2191	1915
2132	1868
964	828
1771	1031
2785	2259
2808	2252
1937	1811
1056	526
2735	2380
2724	2371
2135	2326
2014	1866
2416	2640
2130	2452
2019	1925
1745	1148
2266	1838
2178	1425
2138	1472
2038	1982
2698	2160
2580	2630
2580	2630
2722	2169
3280	2871
2572	2049
2358	1997
1626	1421
1661	1593
1909	1709
2749	1883
1895	1292
3120	2637
2152	1257
1731	858
1704	1227
1665	1239
2553	1729
2280	2236
1122	756
2965	2615
1675	1275
3179	2860
2375	2312
1695	1296
1642	1217
2469	2530
1682	1245
2339	1859
4234	3934
5033	4771
4104	2785
1725	1440
2672	2512
1853	1047
2251	2134
3262	3078
2347	2386
2811	2803
2815	2808
1962	1490
2704	3726
2119	2339
1657	1780
1954	1023
1414	1158
2103	2077
1857	1260
2106	1848
1983	1828
1742	1602
1520	810
1507	1141
2067	2005
2017	1960
1869	1792
1495	1045
1739	1179
2184	1383
1890	1787
1421	941
1888	1740
1499	856
1878	1329
3219	3069
1851	926
2081	1552
1289	710
1646	904
2635	2527
2184	1837
2498	1699
1957	1237
1894	1038
3681	3420
2751	3238
1996	1089
4924	3959
1614	927
1630	934
1632	962
1623	933
3338	2665
2944	2257
4107	3309
3655	3439
1858	1060
1510	1707
1351	1157
1860	887
1651	1194
1889	1114
1888	1115
2062	1808
2344	2297
2348	2275
2025	940
2083	2053
1909	1348
2526	2257
2184	1265
2895	2588
2356	1394
1646	807
2160	2120
3001	2710
2165	1788
2920	2670
3141	2645
2886	2183
2113	1733
2663	2465
2267	1440
3999	3723
2554	2125
4587	3806
1990	2027
1730	2017
1202	902
2805	2803
1735	1624
2668	3375
2842	3058
1546	1409
2910	1920
2609	1870
1278	1135
2320	2000
2002	1250
2127	1381
2149	1355
2494	2895
2188	1564
1684	749
1638	774
1899	1624
1795	1553
1051	896
4591	3612
4245	4134
1320	1162
1899	1522
2006	1692
1655	772
1922	1748
1417	623
1410	650
1758	870
3074	2486
5055	4654
2087	1823
3069	2529
2400	2286
1731	1036
1984	1499
1541	728
2401	2026
2237	1728
2824	2660
1947	1248
2523	1713
1564	744
1566	777
1979	1281
3049	2320
1607	870
1866	1008
2476	1644
1809	1237
1871	1794
1946	1267
1688	941
3020	3034
2343	1688
2956	2378
3209	3345
834	800
4088	4104
2956	2311
1488	983
2915	2404
1801	1341
1082	694
2399	3248
1629	992
2278	1917
2153	1090
2391	1440
1662	1241
2274	2074
2230	1906
1866	1241
1891	1853
1725	1233
2802	2245
1735	1092
1644	988
1720	1049
1683	1067
1679	1304
1577	1038
1601	1015
1576	1091
2280	1159
2037	1399
1682	926
2704	1653
2413	1986
3078	2549
2381	1388
2199	1099
2091	1228
2170	2136
3293	3469
2333	2229
1840	2573
3671	3209
1686	1335
3944	2372
2333	2476
4518	3547
1885	1171
2540	1565
1900	1555
2191	1922
1849	1290
2737	2092
2916	2577
2811	1776
1815	1196
2759	2149
3160	3266
2682	3001
2928	2532
2376	1807
3737	3608
2947	2577
2150	1894
2274	1787
2236	2574
1750	1333
1327	1235
3014	2539
2963	2561
1855	1059
2227	1638
1769	1000
2008	1499
2268	2163
3116	1763
3236	3002
2555	2672
1732	1107
3167	3225
2755	3212
1677	1303
1768	1018
2787	2536
2337	1744
1161	1197
1276	1027
1899	1393
1366	1383
3153	3087
3122	3069
1171	1160
2694	2104
2713	2138
2615	1988
1189	726
1883	1591
1448	838
3460	3184
2533	2225
2445	2290
2815	2486
1652	1256
2214	1332
2086	2131
1465	892
2422	2276
1521	1183
1642	978
2311	2260
1628	1221
1816	1618
1906	1578
2034	1252
2048	1209
1667	981
1802	1483
2297	2420
1811	1053
1547	1264
1987	1219
2571	2380
1571	1516
1773	1123
2221	1122
1696	983
1806	1049
1730	1004
3611	3352
1803	1646
2270	2029
1750	1118
2153	2187
1553	1358
1931	1046
1951	1202
1636	1360
1939	1548
3567	3408
1561	877
2195	2053
2275	2095
2289	2175
2274	2148
1673	1651
1811	803
2012	1812
2337	2204
3058	2865
1967	953
2415	2008
3009	2496
3570	2817
3063	2314
1716	1238
2556	2274
2096	2113
2690	2109
2439	1876
3150	2464
2524	2327
2704	1810
1974	854
4090	3084
1487	1363
2178	1134
1616	1154
2116	2016
2514	2391
2077	1010
2262	2218
2896	2968
2056	1325
1458	1361
1838	1010
2245	2020
1622	1228
1162	963
1919	1856
2191	2092
1734	998
2076	2037
3010	2395
2170	1304
2201	1318
3361	2927
912	439
1600	1731
1690	1003
33379	43006
8726	11306
3823	2428
3563	2117
2771	2020
3844	2853
4440	4410
4244	4210
4270	4787
4459	2904
3132	2509
4463	4218
3463	3422
2868	3040
3757	3509
5906	4636
4183	4412
35283	34156
26941	21087
30447	30282
18266	15965
29438	29297
31430	31383
19993	18583
20238	17097
19495	17517
19591	17466
31591	31639
31161	30659
36501	34240
31192	31058
36753	35318
36669	35310
36260	34548
38119	35847
30099	30908
33431	32673
33529	32765
27027	26590
35935	34296
35673	33461
37278	36696
19696	17428
17783	16687
19818	16012
22834	19681
21002	17492
22183	21383
36530	35728
19084	17732
23054	22897
21073	20593
24031	25562
22958	18863
27253	28170
20890	19841
18995	16406
18764	16261
23186	18793
25492	26656
32069	34644
27736	28505
19140	16259
22871	24506
19869	16620
20640	17861
17995	16627
18389	17333
18673	17376
22383	18770
31421	33819
31194	33726
25020	27929
21120	20480
26974	28790
23943	20147
18541	17491
21998	21905
17554	15781
18732	15329
18946	19443
21453	17723
24099	26485
18029	16594
18097	17851
18097	17851
17982	17129
28274	32877
23296	26382
25760	26951
19684	17012
19702	16473
24546	26867
24539	27563
24931	19907
22682	18627
26743	22287
23173	24491
19814	17554
19517	17517
27444	26871
20562	20872
22008	18181
21951	18134
22106	18191
18271	17249
19202	18014
17518	17460
26893	27917
15905	14377
18060	17373
19335	20996
21042	18574
25929	20845
26548	21758
21014	19941
21492	21121
32252	33062
22834	22549
23393	19746
19351	16503
20375	17524
19449	17100
19104	16968
19031	16871
18879	19197
18864	18970
17629	17626
33117	33500
28938	30506
23785	19539
25963	20434
21800	21447
23492	19776
28108	30848
20007	20194
22838	24241
28486	28919
27868	28886
23073	23048
18886	16321
19791	18147
22326	25111
18473	19323
17084	16680
29084	31540
29404	32277
23294	23332
22253	22453
16981	14450
19409	16546
27022	27563
25404	25943
29497	31712
29505	32085
23951	23848
19175	17066
27068	27736
19710	17586
19053	17099
18993	17031
18895	16077
19729	16858
20949	17904
27860	28827
21171	21035
13225	11321
26082	28750
27248	30109
20196	16977
20791	17354
24964	26398
20293	16738
20582	17776
21186	18050
20092	20262
19586	15848
17720	15838
19819	19521
31585	33020
28453	29094
19076	18954
19218	19110
18441	18100
24621	23339
23684	22361
24394	22835
19480	15815
29668	32998
29603	33031
24765	23418
22946	19617
24172	23224
24324	22711
24266	23226
24175	23257
25416	26743
21320	17203
23409	19464
24533	23069
23834	22901
24394	23124
23231	21802
24799	23556
24006	22826
23520	22036
24140	22756
23660	21666
18434	16508
24602	23137
21467	18370
17033	16885
24338	23116
25205	23532
24342	23323
14624	12164
24192	22662
24533	25023
20423	22531
30725	32294
24705	23472
23195	21768
25283	23829
23972	22865
24634	23199
23553	22394
24686	23156
22737	19191
23338	21838
22556	18974
21905	18278
21969	18277
26503	27293
24154	23070
22205	17934
22971	18795
33191	33203
23396	19995
23440	19986
20640	19999
40074	38371
35828	36769
35651	36750
22437	22072
16232	15023
17167	15445
21114	17199
21284	17733
19592	16386
19325	16349
19721	16505
24882	25982
28643	30666
20294	17013
20675	17793
21329	18374
25538	25819
26051	27245
12782	12691
19457	15753
19028	21539
19643	19621
25825	26955
24887	27826
18341	16977
22272	22908
20750	18050
17092	17207
18756	20175
21839	21945
21940	22025
31518	32694
17588	22522
18476	19079
22993	24953
18913	15971
28080	29653
16199	18803
19107	18664
23741	24113
22513	24987
19244	22819
26027	26586
64007	69075
26693	27026
26688	27178
24827	24264
24832	25812
35685	40802
24378	23148
29560	32883
35330	37695
40916	45220
30610	35128
37014	42449
23443	22248
23068	21231
33105	31347
27455	31402
41708	48424
32756	37681
25590	28527
37504	40674
27757	30041
26004	27567
25954	27251
24750	26082
24114	25178
36371	40483
31202	35718
21809	21974
37070	43636
36217	42449
39050	44113
33125	34570
39334	44785
28383	30382
33290	35683
25014	26576
31754	36046
34425	39575
37390	42250
24558	28265
36385	42352
25088	24973
25847	24429
39196	43804
38295	31106
36574	39523
35126	39908
23690	23016
36907	42914
25469	21861
34475	39475
39428	43827
39243	43279
35575	34527
32797	37456
37549	39873
28469	30756
41516	44879
24070	25201
25558	27801
34023	37433
49457	51106
25193	24264
28769	32813
30232	33062
40849	45978
45801	51318
38200	41658
30234	26824
40370	44508
49604	51765
36628	42150
36752	42890
37100	42830
37543	43451
26346	24243
39045	43823
31769	35265
40450	45653
24620	25439
25722	27681
35438	41335
36881	42701
34025	38135
25742	27816
40218	48025
42214	51933
36067	42224
33379	35817
36356	42389
35719	38204
48957	50796
32074	35419
31705	28026
35897	40848
32840	37532
24438	21411
29944	33548
36725	38951
36348	42084
36009	41919
31079	27370
26365	26971
41931	43794
35386	40091
54185	59346
24452	24880
23796	24466
23920	22496
39408	43436
14988	13205
37440	33774
34438	31263
39105	43032
36725	42440
23015	22371
24572	25166
37246	43338
12959	15630
45245	47956
45359	48244
26672	24735
8272	5641
7840	9049
7783	5302
7587	7125
8616	6289
8112	8928
4940	4343
15321	19919
9422	11359
7702	8290
7129	5106
6769	8216
8453	6204
8766	10951
8783	10396
6450	5564
6271	5043
9573	11174
7132	5809
8919	10577
9160	10928
7716	5560
8567	10357
7722	5208
8070	5445
7543	5159
8670	9983
9778	11723
9011	11625
8666	11181
8010	5416
8677	11566
6670	4437
7762	8680
25984	29556
8704	10694
6263	5952
9419	11653
7096	7092
8342	9675
21977	25163
6632	6187
6669	5293
9605	11313
7998	5341
53118	55926
20408	20025
97565	99907
98034	100634
96668	98871
123309	116382
58201	57336
100750	108740
78937	83445
53600	50002
86554	88726
48443	48806
79659	82979
81678	84704
64936	61004
81921	84987
84306	86898
73076	76604
72820	75418
72378	75800
72595	76723
78077	81687
54811	52182
63416	67908
62512	64509
91897	91523
91289	90945
79561	81640
71263	68008
74185	79077
58793	60343
59365	56708
80740	81674
66057	66453
79016	83590
80045	85066
80145	84521
68649	76377
101852	105482
74467	69941
48110	49281
60417	55686
58947	53501
92228	84950
72093	75000
85826	92768
45662	44479
44879	42283
111469	103119
76652	82482
80173	85466
121542	118172
79907	73709
119578	114505
68155	70485
46451	47814
34675	48218
84298	84264
112035	109570
185144	157898
111858	105868
98475	121376
80961	94734
79455	83680
8145	7524
9754	9598
8848	7518
8435	10873
26781	32252
13637	12346
15559	25092
8171	8801
11127	12499
13912	19802
10288	8195
11878	11898
23193	32896
17326	23445
86500	115089
15228	13834
99213	101448
74670	79918
561	430
542	511
540	480
557	351
450	373
445	373
527	349
470	315
437	289
491	307
459	324
484	402
432	362
514	378
512	361
507	389
478	344
510	358
542	336
522	261
440	281
508	380
8726	11306
35940	37243
21674	22068
18807	17731
19788	19892
20588	20795
23939	26047
31242	24105
27408	31032
21107	17470
21091	18655
27098	24368
74721	85071
31578	32901
4441	4787
5267	7335
5186	7132
7124	5895
3656	3577
8837	9299
8393	8914
1417	661
2174	1639
1499	961
1086	849
4848	3235
1478	1214
3002	3487
8786	8562
24045	30522
7481	6008
1777	2001
4085	2560
3763	4075
3664	3707
2911	2250
3412	3222
2857	2169
2802	2576
3300	3436
3622	3735
3672	3897
2825	1450
2575	2798
2527	1641
3352	2764
3599	3670
4995	4809
3779	3298
4253	2434
4249	3617
1818	1040
1698	1425
4681	4436
1544	1592
1374	1192
1268	624
1439	1041
4763	3685
5328	4406
4123	4220
4001	3918
4062	3195
3440	3653
3052	2899
3337	3396
3256	3490
3738	3082
2410	2136
1671	1629
1383	1303
1126	703
1220	941
1343	781
2318	1274
1097	892
2981	2549
2549	2089
4619	2968
3237	1766
2474	2409
2350	2482
2626	2844
2883	2568
2985	3509
2558	2787
2774	2457
2429	1172
19170	15064
2479	2789
15439	12671
4748	4567
6895	5647
9869	8856
12957	11731
4119	2912
4170	4046
1338	508
1184	520
1745	1922
1379	1159
1631	1635
3052	3246
3417	3465
3394	3635
3551	3707
3622	3718
3570	3719
2873	3068
4779	4689
12312	12289
7203	7309
1431	751
8895	10969
20639	22062
10068	8812
19433	25737
41138	51612
20788	19380
17518	22914
32747	40565
15960	20513
10789	11983
5053	7495
1867	1350
3838	3456
3584	3562
4186	3938
5253	6636
4087	4541
2242	2649
12909	12665
21678	24887
43353	52063
35744	36504
52973	64466
7069	10642
5009	4252
4013	2902
7975	6385
7095	6008
44457	53706
5676	4762
7510	8567
9739	9760
5182	5529
7230	10385
7394	10070
7191	8411
9972	12042
6134	8466
19426	18397
30081	36261
32052	33416
29007	30712
12177	14061
55919	72628
18311	18695
44636	52222
16434	20102
11579	13780
33590	32276
12268	13258
4366	3180
9248	9479
25035	22877
29748	29837
33564	36773
50511	47024
45624	49748
18742	17085
6131	7398
8944	11757
7899	8044
7845	6159
6995	6923
7991	6970
7733	7054
7378	7044
13656	12148
8316	8001
8007	7522
6983	9837
6794	9549
14355	12077
15191	13806
12750	12913
7280	5785
41821	42025
7435	5731
7384	7637
8275	5861
6735	5269
37724	39576
12565	14255
30238	39628
16348	15885
39538	40294
8094	8022
19849	19508
14302	12327
6934	6287
18180	16812
6099	6120
12903	19073
18777	20021
9245	10979
17868	18642
8043	7838
7515	8111
41955	42722
16016	17298
7825	7475
33833	33316
20560	18447
21427	30967
16656	17013
3483	3223
4342	3691
5471	5461
4500	4442
34256	33039
18888	19270
18549	16864
20264	17474
20115	19445
15364	12919
18154	17584
22718	22287
27886	28408
29884	31871
32696	37289
21386	19443
38208	43822
16843	18187
25693	24118
14319	12427
25684	23932
29986	27391
16858	18141
17543	19749
26247	24958
23539	23379
17836	18613
23562	27234
25238	23731
25219	24843
38868	42218
41271	45318
29583	32464
38023	42901
25309	23390
14110	15294
36069	39214
28643	30530
34155	38596
28656	26144
27544	25001
26129	25294
13427	12240
24668	23321
28416	25466
39279	42568
35859	41606
24609	23493
16898	18932
29145	34183
28109	26112
16082	14820
17985	20257
37770	42154
19352	21030
19898	24623
14431	15024
24052	23295
15450	14748
12130	14321
14864	14525
28701	25879
18454	19712
28799	26221
17255	18928
30661	34325
25902	25454
20409	22042
17993	17578
33135	36960
23746	24605
19507	22088
18903	20089
18748	20171
23025	22404
34685	38996
24840	22974
16160	17466
27937	31112
16715	18980
12662	12932
11982	10859
11613	11461
11054	9417
11150	9481
11037	9363
25277	23373
12866	15439
12210	10848
14306	14897
11138	9501
11123	9572
10731	9062
10849	9493
10709	9307
17186	20323
13196	15806
23560	23895
32903	36510
36893	42265
22592	24785
23778	27208
18585	20784
38728	43484
24366	27982
28647	29290
34080	38893
41037	46431
15806	14407
24321	19147
17451	19391
18265	20533
26667	24341
39388	44966
28405	27894
33497	35661
38547	44400
35981	39384
23571	22695
16365	18339
26966	27912
24969	25673
28698	26659
12163	11121
23483	22097
19761	20841
25111	22651
23487	21963
29119	32032
33837	39145
18158	20745
19528	22472
21068	22000
15144	19544
12266	11108
16484	14241
80739	81680
695	423
413	231
518	422
516	422
496	275
565	411
559	429
392	204
512	237
452	206
538	482
480	228
461	222
484	306
418	251
423	352
489	282
434	295
500	242
580	467
552	238
481	293
493	303
484	269
453	214
613	591
521	453
391	254
505	468
449	316
579	467
538	387
541	425
476	428
440	269
454	277
569	451
532	377
429	316
418	366
534	406
403	312
401	265
406	278
532	453
529	439
533	448
533	448
447	365
562	448
479	481
409	264
408	333
506	402
384	349
468	422
369	276
400	368
519	380
529	402
359	271
394	301
509	388
566	425
405	287
420	372
425	379
438	331
410	314
517	403
421	336
383	321
448	235
427	331
552	462
532	377
495	390
415	338
420	360
405	301
527	347
427	145
580	691
413	295
519	389
530	423
543	478
510	438
493	386
544	385
538	392
373	363
412	293
373	245
413	328
531	452
541	413
587	437
420	311
581	442
584	488
545	441
393	243
505	407
532	390
451	271
465	367
457	274
402	298
509	429
204	182
17	0
47	9
94	19
69	16
4	0
7	0
42	4
50	3
49	2
10	0
7	0
6	0
84	17
25	2
27	1
57	5
8	0
10	0
5	0
78850	80303
82	18
15	0
23	1
43	1
19	10
65	9
232	165
19	1
5	0
20	1
33	0
33	0
58	9
5	0
8	0
5	0
194	123
57	9
55	5
8	0
4	0
6	0
4	0
6	0
4	0
34	9
7	0
5	0
5	0
257	180
3	0
6	0
8	0
7	0
31	33
22	1
11	0
8	0
12	2
5	0
19	1
5	0
5	0
9	0
9	0
9	0
24	1
12	2
7	0
64	7
24	1
19	1
123	36
19	7
17	0
26	0
46	4
10	0
9	0
38	3
14	0
4	0
8	0
24	0
33	24
35	12
29	2
13	0
28	3
57	12
36	3
19	0
6	0
31	3
21	1
123	68
48	11
262	206
82839	81433
9	0
5	0
26	1
18	0
24	1
41	0
62	2
62	3
17	0
4	0
25	1
5	0
437	354
35	2
15	0
9	0
33	1
10	0
8	0
5	0
5	0
241	154
4	0
4	0
4	0
29	1
33	1
204	182
8	0
11	0
204	182
8	0
5	0
32	0
62	2
210	134
41	2
217	28
89	35
119	41
83	15
97	33
29	9
12	2
268	174
13	0
61	9
243	161
241	167
259	176
61	5
60	9
205	86
177	81
260	195
22	1
30074	28164
62	4
57	7
259	172
296	198
208	130
5	0
35321	35947
271	207
85557	84104
35293	35571
21	7
6	0
10	0
136	42
28	11
465	291
270	113
51	3
482	287
89	42
53	15
9	0
85250	83407
9	0
194	110
85185	83199
35457	35102
48	6
239	188
3	0
62	4
44	6
105	41
33500	33247
20	1
136	23
224	31
226	31
20	0
14	0
6	0
12	3
23	0
119	34
242	179
214	171
588	418
81	15
203	29
227	33
35252	34749
21844	17774
6	0
44	7
121	26
22	7
33	0
4	0
7	0
9	0
170	81
182	151
16	0
44	2
45	5
43	3
11	0
39	17
7	0
30	4
289	143
24	5
261	197
5	0
1994	1825
21	0
2195	1718
12	0
32	0
273	212
26	0
29	2
16	0
98	32
158	140
35	1
7	0
86462	85597
213	130
157	81
273	212
15	0
15	0
15	0
15	0
257	191
241	192
235	180
165	103
158	34
161	33
170	31
154	28
9	0
68	9
5	0
4	0
47	0
6	0
67	6
63	3
144	93
31	0
8	0
7	0
10	0
215	174
6	0
45	9
43	12
330	229
24	4
12	0
22	1
8	0
11	0
14	3
104	27
35009	35149
9	0
169	73
258	202
254	210
253	183
206	142
76	15
119	67
52	1
283	207
57	8
8	0
22	0
25	0
57	4
229	187
122	13
21	0
9	2
14	2
85159	83117
9	0
40	2
83	15
83	15
83	15
83	15
83	15
81	15
83	15
83	15
83	15
83	15
83	15
740	661
13	0
13	0
8	0
738	757
6	0
17	0
30	3
108	56
136	83
147	74
121	58
154	78
132	99
121	65
104	59
150	85
133	69
156	81
108	56
128	69
104	59
137	81
102	58
140	69
129	78
109	52
140	69
103	44
104	59
138	62
125	66
129	60
104	57
133	70
110	57
122	60
120	80
122	66
103	30
233	145
189	115
257	149
247	140
210	130
137	56
142	60
95	43
97	42
46	4
101	38
46	4
97	36
137	60
134	74
133	72
134	80
120	68
163	60
127	85
159	68
140	69
129	76
134	91
153	66
144	67
96	57
148	79
115	71
94	31
212	132
321	110
338	352
219	69
265	117
289	306
278	124
288	112
283	109
313	221
349	371
342	109
201	91
209	94
274	104
309	169
3505	2456
3219	3894
3692	2171
4744	4781
4161	3087
4169	2896
667	445
646	270
688	377
808	1008
830	1106
625	636
714	736
735	669
673	487
631	394
654	403
609	337
648	360
812	786
796	699
785	606
988	829
956	999
1685	1865
1615	1613
1750	1831
1232	1163
1239	1165
1798	1078
1853	1118
1864	1192
1850	1113
1900	1034
1799	1096
305	67
287	54
300	57
378	260
333	75
373	261
372	261
2353	2210
142	54
142	51
179	46
148	119
194	154
106	98
194	154
181	95
248	188
152	55
150	64
136	57
151	57
118	63
144	76
145	47
190	158
100	41
67	19
63	18
63	18
84	46
47	4
66	10
65	19
89	15
81	36
102	48
96	34
120	42
93	43
53	9
130	32
78	13
64	19
58	8
104	41
70	10
65	28
120	25
62	23
65	10
88	31
80	9
111	47
421	479
405	471
409	460
416	478
404	477
343	446
427	438
423	499
422	429
431	446
429	484
432	475
346	474
328	392
354	411
411	468
417	465
219	213
75	17
106	44
67	34
74	32
98	38
41	10
86	17
79	38
64	26
395	427
46	6
53	6
73	15
91	32
407	475
410	442
124	56
110	49
118	80
122	61
139	50
110	53
139	50
137	78
119	66
118	55
113	25
115	29
87	20
110	23
67	21
83	10
115	29
113	23
120	23
110	25
67	11
66	10
121	26
133	18
71	10
111	30
112	27
121	26
115	32
115	29
115	29
106	31
121	27
112	27
115	32
74	23
63	23
122	39
86	10
129	26
112	27
129	26
86	36
104	28
110	23
106	19
126	28
127	29
129	23
115	40
136	73
133	30
151	31
124	30
116	37
113	37
113	37
113	37
116	32
113	37
120	32
490	384
466	389
412	376
500	413
475	386
348	331
383	319
317	222
488	409
418	355
394	328
466	422
311	229
478	408
461	390
443	440
455	386
331	226
501	382
468	391
376	363
418	360
489	385
3461	4454
3868	5236
3827	4832
3864	4850
111	37
119	30
1131	1414
1169	1367
1103	679
1083	547
1249	1518
1234	1281
994	1098
1065	1145
1041	958
1112	705
3945	4420
3767	4282
3890	4349
3928	4388
3964	4434
3940	4456
3897	4388
3550	3958
3794	4316
3792	4296
3630	3788
3431	3664
158	135
143	139
197	117
168	110
230	120
240	148
201	169
222	158
237	175
225	165
170	133
168	161
151	121
141	77
138	85
138	71
134	92
219	107
199	164
188	112
143	132
242	212
256	113
214	156
179	138
188	136
196	128
179	122
131	41
146	121
221	144
229	148
156	92
208	150
151	111
128	70
171	150
160	153
164	146
132	73
134	45
189	97
155	100
205	116
235	106
235	106
225	116
233	141
175	132
155	180
135	72
197	121
194	132
219	143
178	117
186	128
184	99
163	122
178	134
218	139
190	106
213	139
177	122
179	46
148	136
199	125
144	105
173	118
161	124
150	92
171	107
200	121
154	110
193	123
170	95
131	138
153	142
124	141
95	83
100	96
106	64
106	64
131	89
113	143
104	92
104	92
120	92
91	89
81	74
88	78
83	69
85	83
101	98
99	99
182	140
189	89
205	107
196	92
196	92
198	89
208	116
212	149
230	174
221	117
232	130
223	154
179	137
209	134
217	112
218	156
192	130
167	92
139	111
168	104
125	66
171	137
134	78
223	164
121	103
170	160
136	90
160	132
140	105
206	89
131	72
219	154
209	163
197	137
161	87
157	63
170	115
172	57
173	132
157	88
153	65
158	117
179	101
157	136
168	127
203	123
185	91
198	102
196	99
178	110
179	132
171	120
188	138
160	116
163	97
144	88
186	123
155	71
142	60
176	31
169	135
164	122
139	92
138	87
116	90
133	106
158	129
147	92
199	168
198	112
173	96
160	87
145	117
132	96
143	109
177	145
201	130
144	106
160	117
144	116
147	102
141	117
143	106
153	93
120	111
175	111
142	107
150	86
129	91
142	82
137	97
115	69
145	104
100	77
142	106
158	117
136	114
172	106
143	107
203	180
248	166
206	161
242	165
225	147
183	30
223	139
207	144
287	207
229	197
251	200
222	149
183	178
198	29
226	214
232	214
245	199
238	199
241	198
211	181
243	160
246	206
207	185
251	153
224	140
193	65
213	211
158	107
148	93
142	83
119	83
170	99
141	85
161	77
148	82
164	105
128	81
158	70
167	93
177	130
176	78
154	77
196	134
207	140
151	108
145	98
123	107
181	126
162	127
158	109
149	109
155	127
296	219
167	137
158	131
190	121
153	114
112	87
167	107
222	126
177	105
208	141
210	76
158	71
141	84
160	107
152	78
183	164
176	96
130	67
158	118
128	88
115	110
123	118
229	144
230	136
205	126
240	127
241	120
180	147
207	75
232	138
150	110
177	100
131	116
131	77
141	96
147	109
115	79
134	30
134	30
170	107
212	176
137	92
191	134
166	85
230	153
262	197
209	107
218	135
194	113
154	104
171	148
186	115
145	112
155	142
145	65
153	89
166	122
242	155
178	94
184	105
184	132
188	96
178	99
173	106
184	168
228	166
109	29
134	85
166	113
134	107
130	64
122	67
116	65
109	69
117	83
115	79
203	155
174	140
186	125
175	102
190	134
170	151
188	157
184	156
166	112
181	132
179	109
209	145
199	120
142	70
170	147
180	88
82	46
95	21
154	134
237	122
182	102
201	118
130	77
138	97
138	97
157	97
129	61
136	92
156	101
95	73
101	59
110	51
241	146
211	147
284	144
204	122
244	156
300	213
256	134
276	149
249	157
251	207
283	224
270	195
298	220
269	164
253	137
218	105
274	230
236	246
252	233
181	103
188	101
112	56
108	62
117	104
97	36
99	29
166	125
156	112
173	124
213	131
159	127
157	111
171	128
212	138
188	133
194	127
202	152
169	147
191	143
199	144
191	143
132	112
156	104
135	134
160	113
196	72
189	69
172	153
185	158
183	103
159	73
176	106
153	74
158	101
206	121
214	150
166	141
174	82
188	124
180	105
191	158
169	109
177	119
127	55
131	70
136	72
258	173
145	140
246	154
203	168
228	159
206	137
233	163
223	119
207	128
204	131
213	119
213	135
176	87
213	174
174	134
154	63
178	115
171	75
131	94
120	93
125	66
130	97
155	91
112	55
111	58
110	58
119	94
166	113
146	105
121	83
124	66
151	82
188	148
180	155
196	156
234	176
201	164
168	125
158	117
177	137
163	114
192	151
170	150
145	107
157	102
157	66
143	109
92	71
109	54
108	75
110	53
209	133
205	117
200	115
195	126
200	147
254	134
258	133
253	148
253	156
196	89
224	142
215	132
242	152
220	125
165	60
212	89
241	119
209	142
199	164
173	114
143	85
180	178
148	51
130	66
120	53
150	92
147	76
171	95
147	79
115	73
119	62
141	75
182	107
177	102
183	108
182	107
177	92
187	90
296	220
253	206
253	206
237	169
238	165
254	190
255	204
167	157
260	223
249	211
214	135
148	112
137	116
125	62
147	117
109	61
132	92
146	98
137	104
150	105
157	72
103	101
96	95
102	84
90	84
283	234
271	216
265	218
271	216
183	114
310	200
145	168
118	72
286	150
294	137
278	175
67	20
191	115
252	172
280	178
283	262
175	116
289	151
208	28
228	31
134	143
210	141
166	99
179	117
240	155
95	47
164	106
167	103
156	118
137	100
148	122
296	137
272	140
157	83
254	117
284	167
277	144
223	140
288	173
113	58
212	154
80	63
265	150
181	139
219	103
183	119
231	123
240	101
72	7
244	171
275	188
226	136
278	158
321	221
310	264
294	212
309	264
370	272
2223	2397
2242	1152
361	217
256	114
2468	2509
720	318
268	174
1926	1095
2040	1200
1918	971
2433	2802
2044	1207
1960	1165
1970	1856
2119	1292
2189	2333
1619	1209
1722	1871
456	327
1739	1552
1836	1529
841	406
1623	1367
1965	2262
1553	892
2010	2195
1623	967
1561	935
1900	1971
1847	1566
1663	1513
1824	1579
1660	907
1832	1467
2117	2343
411	287
460	346
357	327
285	188
285	237
323	175
509	351
638	579
383	369
2143	1577
2019	1069
373	233
1607	1332
2072	1337
344	217
397	247
378	210
498	306
1924	1595
1699	1168
1784	1165
1795	1188
1696	1193
2071	1580
1999	1782
402	323
1412	1078
1303	900
4257	3993
2116	1547
419	262
1698	1209
423	344
445	312
1510	1321
438	348
1793	1053
1837	1034
386	345
454	306
328	263
408	326
1914	1731
1650	1003
1427	1230
1375	976
1918	1846
1602	1627
2269	1256
2280	1282
743	421
287	208
304	234
304	234
766	722
411	319
1990	1946
1990	1908
278	297
2062	1196
2089	1519
1336	1260
315	174
406	279
278	168
1413	1123
2030	1069
2385	2463
2404	2428
1937	1101
2187	2350
2344	2463
2302	2390
1961	1011
2433	2585
1969	1299
602	474
1347	1354
229	108
1428	723
1348	673
1577	1712
2105	1351
2806	2384
403	250
349	278
1933	1119
2161	1872
375	311
2309	1681
426	251
856	381
1754	1258
289	233
327	232
131	65
492	316
454	296
2784	2403
2180	1507
2243	1913
458	325
445	347
444	358
2101	1506
2136	1635
2132	1656
2580	2408
2130	1664
2070	1709
2768	2628
1932	1717
1993	1617
1635	1066
3860	3585
3194	3467
3391	3743
191	111
315	211
285	239
519	421
528	385
2099	2327
2279	1923
2167	2057
290	177
2071	1879
1818	1175
1655	1005
1627	1630
1656	1176
2154	1602
1723	1523
1784	1326
1799	1034
923	513
2303	2635
2295	2372
2076	2135
1677	1094
1816	1477
1737	1546
1742	1589
1324	1110
1517	848
1811	1610
2109	2160
2082	1623
423	287
231	182
386	267
372	338
1660	1286
2065	1792
2354	2287
406	256
1774	975
1990	1341
2999	1534
1685	1262
2418	2433
1903	1208
1934	1268
1667	1215
347	355
2058	1889
2131	1542
279	232
306	244
244	159
245	177
238	150
266	191
257	252
260	184
245	166
253	222
242	153
243	85
310	234
410	286
437	260
411	276
1687	1055
357	229
1615	1152
424	312
286	220
393	305
1458	743
357	298
2119	1696
2250	1652
1970	1689
2853	2753
2236	1607
1666	1304
2129	1633
386	292
411	274
733	440
1949	1998
2854	2731
2240	1898
2312	1898
425	308
382	200
1911	1011
2163	1194
1358	925
2657	2703
313	215
1985	970
2129	1044
1581	1218
1555	857
1652	1411
1578	1255
1593	1413
1907	938
1703	1756
325	277
1825	1768
305	242
418	302
414	240
225	62
416	206
406	241
409	256
2172	1179
3172	2651
3147	2663
2477	1188
474	330
2060	1525
2149	1501
1843	2087
381	256
277	247
270	240
4390	4444
4483	5066
4342	4198
3754	2333
3315	2567
4292	4110
3991	4080
4070	4150
4899	5339
351	278
351	278
1866	1244
1705	1363
1507	1637
1463	901
415	227
352	282
369	225
680	263
1462	1481
1452	1424
281	203
342	212
187	150
190	109
271	231
1723	1148
279	230
196	123
1910	1050
1876	897
2020	1089
295	128
356	306
340	131
1786	1060
1862	1768
1570	1615
2130	1269
1568	1206
2353	1597
407	284
2321	1633
1630	923
1574	1090
1746	1701
556	332
2379	2450
2423	2354
356	313
299	289
2407	2280
2348	2086
1333	1189
1626	1019
2051	1342
1884	1139
2225	2640
319	208
1627	1524
1669	1540
2225	2123
1913	1533
279	148
400	289
426	362
410	301
419	289
1850	1141
1822	1112
320	251
261	193
238	195
413	251
436	271
1872	1294
391	254
391	254
1448	1082
1499	1029
432	230
2655	2647
1820	1097
2532	2616
2037	1671
2085	1766
2159	1864
2035	1675
1793	1801
5942	6260
231	87
2968	3197
3147	3109
3076	3123
1842	1092
43	2
2185	1684
2353	2570
3527	3717
2661	2846
2660	2882
2823	3035
2600	2787
2550	2864
2035	2067
1897	1634
1884	1658
2124	1930
2383	2468
2778	2577
2863	3092
1303	999
2770	3099
1424	953
1401	1234
2385	1824
2401	1848
2983	3380
2298	2341
2329	2410
2889	2750
1739	1771
1034	703
2310	2028
2103	1610
2120	1533
2091	1583
1987	1176
1751	1012
2421	2507
2848	3012
2005	2334
2009	1372
2002	1364
1663	1121
3395	4131
3394	4131
2487	2732
2943	3047
1917	1888
1775	1845
2333	2516
3463	3696
2745	1511
2496	3183
2488	3331
1705	2363
2764	2281
2673	2179
2422	2956
2441	2995
2547	3236
1701	822
2556	2604
1903	1978
2214	2896
2242	2606
1874	1629
2413	1699
2402	1703
2527	1473
3155	3475
2421	1743
2438	1684
2533	2292
2911	2844
2279	1300
1763	1109
2354	2708
2051	2226
2247	1289
2270	1301
2369	1268
2235	1086
2739	2954
2374	2953
1734	1248
2600	2004
2666	1663
2355	1719
2370	1736
2710	1754
2716	1774
2318	1662
2330	1676
2380	1701
2336	1690
2642	1474
3011	1603
2649	2513
2665	1709
1858	1663
2891	2936
2352	2343
2297	2382
3330	3612
2843	3301
2843	3301
2201	1245
2363	2632
2628	3249
2705	3340
2741	3345
2705	3340
1711	1050
2131	1215
2450	2002
2415	1241
3302	3602
2901	2651
2577	2130
2772	1784
2723	1728
2047	1186
2593	1348
2303	1154
1489	1788
1521	1323
1012	458
1767	2203
1767	2203
2524	2661
1274	1121
1682	1848
2107	1859
2971	3050
2141	1744
2162	1777
2088	1522
2485	2212
2723	2719
2522	1456
2301	1490
2695	2374
1858	1616
1416	1489
2377	2694
1648	1620
1439	988
1341	940
1317	933
1804	2117
1785	1512
2034	2023
1736	1905
1626	1311
1944	1282
2009	1355
2631	2959
2656	1328
2750	1572
2361	1244
1457	1797
1505	689
684	686
2082	2015
1494	851
1614	923
2030	1285
2097	1341
1750	981
1987	1160
1772	996
2493	2833
768	551
1267	625
2552	2984
1961	2151
1028	1155
1899	1447
1710	1422
2318	2675
1639	1340
781	684
2191	1661
2191	1606
2670	1476
2011	1883
2455	1251
2384	1282
2460	1257
2439	1229
2361	2410
2120	1530
1453	615
2479	1933
2783	1999
2999	3033
3035	3070
1631	1241
2305	2482
1987	1272
1977	1260
1918	1252
1954	1328
2994	1804
2966	2854
3026	3198
2934	2830
3246	3517
1661	1751
1698	1845
2610	3056
2432	1622
2242	2601
2242	2601
2698	2759
1951	1740
2714	2783
2704	2807
2670	2778
2698	2792
2811	3035
1769	986
2471	2839
1725	1216
1984	1383
2325	1471
2323	1463
2413	1510
2415	1517
2117	2174
181	63
2885	2989
1870	1904
2239	1767
440	394
1585	1097
3416	3437
1635	1328
2559	1305
103	51
2257	2425
2517	1446
2655	3118
1728	1917
1728	1917
2404	2367
1915	2183
1958	1674
2144	2134
1962	2118
2131	2039
3109	3362
3052	3285
2149	2384
2140	2321
1822	2228
1745	1748
2276	2336
2010	2210
2652	3003
2166	1422
2314	1957
3217	3796
1931	1460
1905	1479
2404	3109
2959	3215
3025	3249
1751	969
1664	1899
2260	2980
1817	2313
1804	1666
1772	1714
1810	1683
1736	1610
2319	2431
2383	2564
1789	1793
1798	1827
2371	2501
1796	1822
1757	1689
1765	1714
2100	2467
2121	2451
2165	2073
1809	1785
2574	1934
2488	2784
2876	3132
2207	1106
2034	1948
1629	2198
2862	2793
1942	2168
2097	2143
1745	1784
2789	2835
2084	2036
2661	2809
2222	2043
2801	3019
2534	2694
2934	2805
2734	2784
3120	3208
3114	3212
4050	4124
2650	3325
2642	3313
2604	2460
2413	2431
2110	2078
2489	3387
2440	3371
2516	2475
2800	3430
2763	3573
2582	2625
2499	2479
3082	3356
3112	3389
2684	2564
3205	3332
2436	2339
2249	1932
2294	1078
2699	3329
2607	1935
2468	3416
2450	3058
2504	2423
3310	3366
2369	2338
2905	2745
2633	2461
3374	3171
2188	2006
1690	1403
2511	1524
2111	1946
2129	1963
2123	1962
2145	1984
2178	1971
1701	2147
1816	966
2099	1950
2342	2221
2123	2086
2125	1780
2493	2218
2106	2092
1736	1506
2605	2368
2584	2386
3172	2993
2712	3008
2758	3097
2023	1915
2278	1266
2477	3044
2477	3044
2191	1586
2318	2476
2441	2883
2039	1950
2063	1524
2061	2573
2486	1282
2066	1789
3156	3498
2802	2844
806	492
2458	1218
2625	2594
2561	1364
2438	1269
1701	1486
1904	1344
3419	3575
2525	1948
1956	2280
2476	1747
3022	3913
1555	1124
1312	960
1457	1808
1297	728
1291	1431
2486	1897
2417	1839
2810	3212
2832	3257
2386	1187
2123	2105
1654	1462
1654	1462
1392	1811
2289	2377
2266	2361
1894	1700
2362	2634
2521	1450
2540	2700
3188	3313
3380	3285
3404	3307
2277	2268
1898	1834
2507	1592
2063	1758
2405	1350
2411	1407
2408	1416
1958	1629
1943	1642
1634	1084
2388	3050
2637	2438
2905	2769
2014	1540
3056	3354
3036	3328
756	665
244	160
299	254
1827	1795
3128	3324
2265	2122
1131	696
1658	769
1748	929
1676	861
1710	1230
1243	555
1741	1760
1570	1752
1670	895
1528	1450
1608	1519
1562	1350
1390	1491
1647	1525
1705	1458
2906	2015
3778	3394
2736	3152
3378	3166
2470	1976
2547	1270
2498	1269
2475	1244
2107	2044
2530	1278
2536	1327
2539	1324
364	309
2161	1769
1751	1159
2082	1413
2045	1367
2724	2725
2577	1440
2019	1297
2064	1349
2055	1318
2083	1324
1911	1351
2438	1238
1917	1886
1986	1805
1680	1622
1764	2337
2068	1505
2511	1354
1552	724
1872	1690
2824	3729
2768	3328
2069	1009
2164	1082
2165	1082
2063	955
2099	1041
2064	955
2077	1012
1776	1975
2226	1114
2281	1108
2274	1109
1640	1864
1686	1953
2235	1875
1965	1476
1987	1510
3464	3585
3319	3544
3739	3836
2424	2190
2522	3052
2510	3034
1911	1379
2309	2714
2238	2504
1866	1474
1869	1476
1879	1482
1850	1460
1875	1523
1865	1485
2675	1840
2037	1304
2207	2362
2195	2232
1740	1092
2064	1105
2800	2849
1911	1493
2366	2486
2939	3279
3179	3247
1358	1379
1180	1014
1195	1005
3179	3247
1339	700
3066	2836
1339	750
1347	1355
2410	2799
3102	3669
2286	2524
2183	2503
2744	2767
3247	3486
3750	4030
2734	2674
2557	2401
3224	3173
3360	3438
2651	3089
2375	1563
2381	1568
2696	2756
1998	1619
3072	3082
1413	728
1223	750
1391	897
1322	889
1125	670
1102	594
2129	1106
2811	1654
2288	1536
2514	2640
2114	2069
1754	1071
1765	1064
1727	1099
1793	976
1815	1525
1803	975
1846	972
1854	1013
1849	977
2125	2087
2147	2042
2120	2068
2173	2095
2099	2026
1819	1003
1844	1502
2055	1677
1751	1146
1787	977
2127	2113
1691	1010
2412	2623
2165	2129
1930	1217
904	1026
3403	3323
1020	867
348	117
2253	2283
2003	2064
2022	2057
2003	2064
2044	2089
1675	1174
2011	2074
1819	1640
1827	1609
1848	1658
1979	1943
1776	850
1826	899
1811	790
1054	776
1547	728
2447	2624
813	752
1685	907
1110	607
1601	1493
2839	3093
1688	1447
1866	1641
3033	3156
2525	2398
746	725
2616	2208
2197	2121
2003	1744
3388	3735
3007	3012
3473	3800
347	251
2053	1978
650	656
709	818
261	39
1023	1243
2306	2679
2771	1649
2828	3016
3183	3388
2176	2078
518	281
2110	2325
2684	2838
2365	2583
2028	1584
2292	2367
1417	1261
1503	1307
1509	1373
1381	1280
2456	1333
3696	4047
2828	2680
3688	4112
2882	2336
2527	2167
2357	1883
2361	1873
2350	1901
2343	2457
2323	2378
2005	1316
2307	2354
2067	1367
1988	1850