0.528	4624
0.514	6080
0.649	6176
0.508	5760
0.524	5088
0.489	5552
0.508	4672
0.485	5248
0.485	5360
0.500	4576
0.485	5712
0.479	5360
0.500	4880
0.496	5808
0.497	5440
0.514	4928
0.508	5424
0.521	5072
0.481	5088
0.502	5056
0.495	5104
0.496	5168
0.493	5056
0.490	4672
0.492	5088
0.494	4864
0.484	5696
0.467	5920
0.506	5072
0.490	5392
0.512	5072
0.507	5312
0.504	5088
0.515	5120
0.528	4768
0.464	6000
0.495	4960
0.483	5312
0.510	4704
0.492	5952
0.490	5056
0.485	5760
0.494	4928
0.501	4784
0.479	4256
0.450	4000
0.519	5248
0.495	4960
0.461	6256
0.513	5504
0.510	5104
0.483	4480
0.494	5424
0.463	6448
0.464	5840
0.463	5792
0.467	6288
0.487	6304
0.509	5616
0.489	4864
0.493	4784
0.493	4064
0.490	4720
0.498	5712
0.512	5488
0.502	4640
0.502	4912
0.492	6304
0.508	5040
0.514	5136
0.498	4704
0.486	4192
0.501	5760
0.482	5984
0.479	4592
0.493	3696
0.472	4224
0.469	3840
0.500	4176
0.500	4064
0.507	4896
0.512	5184
0.511	5008
0.501	5952
0.511	5792
0.639	6464
0.508	4992
0.511	4832
0.515	5376
0.510	6288
0.503	4816
0.506	5552
0.513	5072
0.522	6032
0.498	5904
0.520	5104
0.476	6032
0.490	5936
0.499	5072
0.502	4720
0.452	3856
0.487	3680
0.495	4592
0.457	4944
0.478	4544
0.463	6096
0.472	5648
0.489	3872
0.458	5952
0.480	4912
0.457	4208
0.482	5344
0.482	4496
0.499	4688
0.497	4208
0.501	4336
0.509	4768
0.513	4944
0.520	5120
0.511	4960
0.483	5056
0.486	5696
0.500	4688
0.487	5088
0.483	3616
0.497	4832
0.459	5376
0.490	5168
0.494	5728
0.470	6256
0.476	4096
0.492	4304
0.518	5024
0.509	5152
0.514	5200
0.674	5856
0.460	5664
0.491	4576
0.469	5680
0.509	4576
0.482	4880
0.503	5456
0.510	4496
0.478	4432
0.485	4992
0.481	4688
0.473	5232
0.493	4880
0.486	4848
0.493	4752
0.504	4976
0.513	4416
0.458	3904
0.487	5568
0.483	5008
0.513	5504
0.467	5696
0.499	4816
0.486	3696
0.474	5056
0.514	5024
0.512	6112
0.513	5024
0.525	5280
0.532	4944
0.518	5168
0.523	5616
0.474	5504
0.471	4160
0.499	6096
0.470	5664
0.492	5744
0.501	5072
0.522	5616
0.461	5504
0.512	5088
0.480	5376
0.521	5232
0.525	4960
0.503	4304
0.505	5904
0.487	5504
0.500	5648
0.488	6032
0.462	6080
0.516	5424
0.475	5936
0.466	5888
0.476	4384
0.477	4016
0.468	4240
0.470	4048
0.472	3760
0.484	4096
0.503	4944
0.506	4848
0.495	4672
0.500	5504
0.466	6080
0.506	4656
0.501	4672
0.500	4656
0.513	5104
0.510	5296
0.487	5312
0.501	4672
0.503	5200
0.517	4944
0.516	3792
0.512	4272
0.510	6032
0.484	5152
0.507	4624
0.494	4368
0.502	4512
0.499	5520
0.517	5424
0.487	5088
0.457	4288
0.490	4960
0.469	6112
0.471	6064
0.487	6096
0.508	4768
0.474	6400
0.501	5680
0.468	6112
0.493	5232
0.465	5760
0.463	6160
0.459	5072
0.506	4752
0.481	3888
0.466	5408
0.484	4672
0.502	5216
0.464	6576
0.473	6208
0.461	5648
0.496	4592
0.461	5904
0.499	6448
0.479	6208
0.500	6208
0.498	5504
0.522	5104
0.473	6272
0.519	4896
0.524	5168
0.475	6336
0.627	6688
0.500	5616
0.521	4944
0.510	5392
0.506	6080
0.484	6320
0.485	6176
0.543	5440
0.535	4656
0.479	6032
0.499	5120
0.502	4880
0.474	4976
0.475	5232
0.502	4672
0.501	4560
0.483	5088
0.479	5344
0.480	5520
0.498	5184
0.506	4880
0.494	4880
0.471	5280
0.496	4864
0.481	5712
0.494	5792
0.520	5040
0.496	5424
0.496	4704
0.496	5024
0.510	4704
0.513	5072
0.511	4720
0.468	5952
0.468	6144
0.478	5952
0.480	6080
0.503	5312
0.499	5184
0.512	5072
0.516	4640
0.515	5520
0.511	4864
0.507	5056
0.466	6032
0.522	5376
0.515	4800
0.477	6160
0.469	6032
0.494	4736
0.493	5184
0.493	5232
0.492	4912
0.496	5248
0.491	5216
0.494	4912
0.502	5216
0.487	4608
0.471	5312
0.472	5664
0.493	5152
0.492	5008
0.500	4960
0.512	6272
0.505	5792
0.489	6128
0.492	5616
0.477	6512
0.489	5520
0.487	5456
0.490	5472
0.482	6384
0.491	5936
0.483	4720
0.533	5520
0.505	5456
0.610	7088
0.495	6864
0.496	6400
0.524	5616
0.492	5680
0.478	6656
0.502	5968
0.492	6416
0.506	5376
0.494	5008
0.499	5216
0.478	5760
0.520	4944
0.500	4688
0.481	6224
0.470	4528
0.454	3824
0.470	4112
0.483	3968
0.467	4096
0.498	5056
0.482	4976
0.475	5744
0.475	6096
0.474	5056
0.459	3856
0.482	3696
0.478	4896
0.500	4112
0.456	4512
0.483	4688
0.490	4656
0.496	4960
0.498	5472
0.473	6096
0.513	5024
0.511	4464
0.466	6096
0.495	5696
0.473	4720
0.508	4720
0.479	4752
0.501	6032
0.478	6208
0.497	5088
0.502	4416
0.511	5120
0.515	5920
0.482	6400
0.480	6672
0.501	6320
0.502	5744
0.491	4832
0.487	6096
0.465	5744
0.502	5200
0.465	5312
0.466	5376
0.492	6208
0.610	5504
0.487	3696
0.488	3984
0.505	5376
0.492	5952
0.505	5312
0.470	5936
0.456	5040
0.473	4288
0.486	4320
0.485	4048
0.492	4304
0.475	3888
0.494	3760
0.484	4496
0.497	4112
0.498	4160
0.501	3776
0.473	3936
0.475	4048
0.491	4064
0.501	4080
0.485	4576
0.490	3776
0.475	3648
0.497	4064
0.466	4144
0.486	4032
0.499	4048
0.490	3744
0.492	4304
0.481	3632
0.481	3808
0.496	4080
0.477	3744
0.481	3760
0.482	3776
0.459	3840
0.482	3776
0.483	4608
0.485	4064
0.483	3808
0.463	3840
0.473	4208
0.462	3840
0.493	3712
0.484	3792
0.488	4064
0.463	3856
0.495	3680
0.494	3696
0.467	4208
0.476	4112
0.495	4608
0.495	3968
0.479	3984
0.503	3904
0.451	3952
0.475	3920
0.499	4544
0.513	4752
0.488	5904
0.528	5264
0.476	5776
0.471	5728
0.498	5120
0.475	6128
0.521	4896
0.506	5232
0.489	4848
0.502	5248
0.512	5072
0.498	5504
0.524	4960
0.504	5552
0.516	5344
0.478	5424
0.504	5424
0.475	5424
0.485	5680
0.505	4448
0.477	5344
0.504	4880
0.504	4960
0.506	4896
0.505	4816
0.491	4912
0.476	5968
0.476	5024
0.489	6192
0.495	5520
0.515	5088
0.491	5328
0.513	5344
0.498	6288
0.516	5504
0.513	5104
0.506	4672
0.514	5008
0.504	5200
0.505	5616
0.522	5488
0.472	5664
0.508	4672
0.505	5104
0.510	4720
0.505	5632
0.494	5440
0.502	6672
0.502	6672
0.507	5456
0.518	6016
0.518	5536
0.492	5744
0.486	5344
0.491	5072
0.487	5200
0.494	4624
0.484	4704
0.488	5088
0.493	4544
0.507	5504
0.501	5664
0.514	5888
0.532	5120
0.518	5200
0.491	4592
0.485	5008
0.488	4816
0.494	4672
0.497	5120
0.457	6080
0.491	4960
0.478	5136
0.458	5392
0.624	4864
0.456	5168
0.457	5200
0.488	4544
0.449	5376
0.493	5008
0.452	5328
0.482	4448
0.477	4624
0.472	4496
0.481	4576
0.481	4752
0.460	5248
0.459	5104
0.458	5648
0.467	4784
0.475	4512
0.451	5376
0.453	5344
0.498	4544
0.484	4640
0.494	5248
0.485	4720
0.454	5024
0.476	4208
0.476	4624
0.482	4480
0.480	4576
0.457	4416
0.482	4560
0.476	4816
0.501	4464
0.467	5072
0.457	4928
0.485	5104
0.483	4464
0.478	4512
0.479	4512
0.484	4544
0.484	4384
0.449	5104
0.473	5136
0.462	5168
0.451	5104
0.475	5024
0.454	5376
0.464	5888
0.453	5408
0.478	5024
0.480	5024
0.459	4672
0.456	5408
0.497	4544
0.443	5248
0.480	4416
0.447	5440
0.480	5280
0.478	4352
0.488	4704
0.465	5296
0.465	4848
0.476	5200
0.464	4944
0.468	4896
0.475	4672
0.488	4784
0.469	5024
0.472	5072
0.489	4624
0.474	4784
0.485	4560
0.463	4768
0.482	4624
0.468	5056
0.473	4704
0.469	4960
0.479	4992
0.485	4496
0.479	4832
0.468	5040
0.509	4464
0.505	4576
0.470	4656
0.484	4720
0.503	4448
0.473	4848
0.455	5296
0.483	4496
0.466	5136
0.503	4752
0.507	4608
0.474	4912
0.486	4848
0.473	4752
0.474	4736
0.503	4512
0.497	4864
0.468	5216
0.481	4768
0.485	4496
0.492	4560
0.488	5200
0.480	4800
0.459	5008
0.494	4672
0.469	5120
0.482	4720
0.462	4624
0.488	4576
0.491	4560
0.482	4480
0.457	5488
0.468	4880
0.457	5248
0.491	5120
0.481	4816
0.493	4512
0.483	4512
0.475	4656
0.499	4672
0.470	4912
0.473	4352
0.477	4736
0.482	4704
0.450	5248
0.478	5408
0.450	4848
0.483	4752
0.488	4816
0.484	5248
0.492	4768
0.489	5664
0.469	4832
0.468	4736
0.449	5168
0.469	4560
0.476	4672
0.476	4640
0.477	4096
0.492	4464
0.504	4736
0.489	5120
0.517	4576
0.502	5376
0.494	5488
0.472	5424
0.486	4960
0.483	4928
0.468	5136
0.477	5008
0.459	5104
0.479	4960
0.470	5248
0.467	5264
0.450	5312
0.451	5616
0.501	4768
0.485	4912
0.465	5088
0.485	5040
0.479	4512
0.480	4416
0.479	4384
0.616	4944
0.484	4384
0.486	4496
0.476	4432
0.479	4624
0.485	4560
0.481	4944
0.455	5024
0.480	4720
0.487	4528
0.486	4432
0.491	4400
0.458	4944
0.483	4736
0.469	4992
0.476	4704
0.486	4496
0.463	4192
0.471	4640
0.473	4560
0.468	4560
0.499	4624
0.465	4496
0.473	4768
0.482	4560
0.483	4464
0.475	4368
0.484	4464
0.463	5136
0.467	4992
0.466	4464
0.465	4288
0.465	4656
0.485	4560
0.466	4800
0.481	4672
0.471	4528
0.481	4512
0.483	4608
0.486	4672
0.490	4416
0.483	4432
0.487	5216
0.480	4864
0.504	4576
0.479	4608
0.491	4576
0.484	4608
0.467	4960
0.509	4624
0.459	5392
0.470	4512
0.469	4992
0.486	4576
0.486	4480
0.452	5280
0.487	4560
0.475	4768
0.478	4704
0.493	4624
0.476	5248
0.479	4720
0.475	4784
0.479	5152
0.476	4608
0.479	4848
0.492	4784
0.471	5072
0.467	4752
0.469	4880
0.489	4832
0.464	4800
0.478	4752
0.481	4720
0.492	4688
0.449	5360
0.475	4704
0.461	5056
0.471	4704
0.487	4544
0.478	4992
0.460	4960
0.486	4704
0.478	4560
0.486	4592
0.477	4944
0.472	4704
0.491	4864
0.468	5200
0.472	5040
0.484	4464
0.457	5296
0.499	4496
0.471	5040
0.472	4928
0.489	5072
0.460	5072
0.472	4816
0.471	4864
0.495	4592
0.484	4752
0.469	5008
0.485	4448
0.484	4752
0.496	4672
0.476	5184
0.489	4592
0.486	4352
0.471	4608
0.495	5120
0.503	4784
0.512	4592
0.516	4848
0.490	4768
0.511	4864
0.516	5376
0.473	4880
0.490	4832
0.466	5456
0.442	5216
0.464	5280
0.477	4576
0.444	5344
0.449	5632
0.449	5504
0.448	5504
0.444	5376
0.460	4976
0.455	5264
0.510	5136
0.522	5072
0.505	5120
0.524	5248
0.484	5968
0.510	4592
0.485	4896
0.482	4528
0.465	5552
0.481	5312
0.462	5456
0.498	4640
0.479	5120
0.483	4352
0.472	4704
0.506	4896
0.483	5008
0.494	4576
0.502	4656
0.496	4624
0.497	4784
0.479	4704
0.479	4816
0.498	5024
0.467	4752
0.460	5184
0.494	4608
0.489	4640
0.489	5088
0.486	4736
0.485	4880
0.489	4768
0.489	4704
0.487	4400
0.471	5152
0.637	5248
0.497	5328
0.489	4928
0.500	4848
0.488	4496
0.476	4496
0.496	4608
0.483	4576
0.489	4832
0.492	4640
0.461	4864
0.494	4704
0.453	5168
0.447	5152
0.482	4736
0.466	5264
0.500	4640
0.464	5120
0.451	5184
0.473	4928
0.474	4880
0.449	5200
0.486	4720
0.483	4704
0.471	4688
0.498	4656
0.480	4608
0.460	5120
0.456	5168
0.469	5232
0.479	4448
0.463	5328
0.488	4784
0.483	4992
0.466	5024
0.464	4576
0.486	4432
0.477	4416
0.473	5120
0.470	4528
0.475	4912
0.471	5440
0.490	4784
0.489	4512
0.476	4784
0.456	5008
0.452	5872
0.467	4928
0.483	5040
0.498	4704
0.479	4928
0.467	5264
0.443	5312
0.479	4928
0.490	4592
0.489	4544
0.444	5120
0.477	4848
0.455	5136
0.464	5184
0.479	4336
0.494	4528
0.481	4736
0.495	4848
0.500	4752
0.469	5072
0.469	4992
0.469	5104
0.491	4784
0.485	4944
0.473	4576
0.494	4768
0.486	4848
0.483	4880
0.479	4880
0.488	4656
0.478	5232
0.459	4992
0.464	5232
0.480	5504
0.465	5296
0.496	5344
0.467	5008
0.479	4720
0.495	4608
0.490	4512
0.487	4608
0.498	4736
0.491	4672
0.448	5088
0.485	4720
0.495	4656
0.479	5456
0.506	4864
0.467	5072
0.502	5168
0.500	4832
0.492	4928
0.475	5232
0.492	5184
0.508	5200
0.482	3808
0.480	3584
0.464	3952
0.445	3952
0.459	4944
0.479	4880
0.474	4336
0.490	4928
0.473	4928
0.504	4624
0.479	3984
0.466	4720
0.466	3984
0.461	4432
0.465	4816
0.501	4960
0.468	4336
0.467	5280
0.458	4352
0.449	4000
0.466	4016
0.478	3552
0.457	3744
0.445	4272
0.465	3552
0.483	4144
0.478	4128
0.455	3904
0.474	3856
0.460	3904
0.481	3568
0.482	3856
0.485	3968
0.482	3648
0.498	5312
0.514	5232
0.488	3776
0.495	4800
0.483	3744
0.453	4624
0.472	3584
0.605	6688
0.479	4064
0.453	5584
0.477	3984
0.480	3744
0.455	3632
0.486	4000
0.456	3792
0.474	3952
0.472	3680
0.474	3952
0.413	4000
0.416	3984
0.417	3712
0.416	3984
0.444	4192
0.419	3680
0.428	3680
0.421	4000
0.446	3728
0.422	3680
0.442	5344
0.430	5056
0.471	4608
0.459	3920
0.434	4192
0.447	4640
0.447	3968
0.448	4288
0.455	3856
0.465	4608
0.420	3968
0.425	3952
0.429	4176
0.444	4080
0.428	4320
0.431	4176
0.433	4608
0.444	4064
0.447	3904
0.437	4192
0.433	3712
0.464	4016
0.448	3952
0.445	3888
0.454	4288
0.468	4448
0.473	4272
0.444	3808
0.433	3920
0.440	3792
0.470	3744
0.423	3904
0.455	3712
0.470	3856
0.454	3968
0.426	4144
0.458	3904
0.467	3888
0.458	4288
0.438	4608
0.439	4512
0.464	3712
0.451	3744
0.456	3728
0.435	5584
0.465	4144
0.467	4608
0.470	3760
0.449	4336
0.447	4016
0.451	4752
0.449	4304
0.426	4656
0.451	3920
0.472	3872
0.450	3840
0.453	4048
0.471	4032
0.470	3808
0.424	4528
0.460	4064
0.490	4576
0.483	4800
0.495	4960
0.482	5216
0.494	4704
0.483	4160
0.468	3872
0.465	4288
0.463	3712
0.478	4032
0.426	4064
0.482	4320
0.432	4784
0.488	4592
0.453	4672
0.451	4880
0.472	5104
0.492	5008
0.459	4800
0.463	3872
0.458	4592
0.460	4064
0.448	4464
0.429	3648
0.453	3760
0.464	4240
0.466	3728
0.494	4768
0.452	4768
0.484	4768
0.480	4816
0.481	4768
0.461	4368
0.468	3936
0.445	4288
0.461	3856
0.449	4768
0.446	4000
0.446	3472
0.459	3728
0.455	3536
0.457	3904
0.455	3968
0.474	4224
0.457	3856
0.450	3872
0.467	4384
0.434	4608
0.450	4304
0.455	4240
0.455	4032
0.456	3920
0.452	3968
0.426	4224
0.455	3872
0.451	3856
0.451	4224
0.463	3824
0.451	3952
0.428	4336
0.456	4272
0.455	4048
0.468	3968
0.470	4176
0.444	3984
0.463	4672
0.467	4176
0.468	3808
0.451	4112
0.455	3904
0.458	4416
0.461	4176
0.426	4960
0.435	3872
0.451	3968
0.436	4144
0.431	4016
0.462	4304
0.449	3712
0.460	4064
0.432	4000
0.440	3824
0.442	3952
0.448	3472
0.466	3728
0.430	3856
0.444	4176
0.428	4224
0.433	4096
0.446	4016
0.450	4224
0.450	4160
0.446	3840
0.429	4384
0.430	3808
0.454	3824
0.419	4160
0.454	3600
0.434	4432
0.448	4080
0.477	4272
0.438	4144
0.456	3552
0.452	3600
0.435	4224
0.429	4048
0.425	4192
0.426	4448
0.457	4096
0.463	3904
0.459	4512
0.441	3728
0.457	4016
0.447	4112
0.463	3920
0.437	3888
0.465	3840
0.449	3664
0.441	4208
0.464	3808
0.418	3600
0.458	4048
0.453	3840
0.444	3856
0.465	3856
0.456	3936
0.440	3776
0.438	3920
0.446	4272
0.443	4016
0.446	3872
0.463	4592
0.447	3968
0.432	3648
0.435	4208
0.439	3696
0.448	4144
0.446	3904
0.463	3808
0.444	4064
0.439	4128
0.443	4160
0.448	3536
0.452	4080
0.454	3696
0.459	4016
0.456	4128
0.456	3600
0.436	3920
0.447	4080
0.450	4160
0.452	3904
0.447	4560
0.455	4048
0.459	4128
0.458	3520
0.463	4000
0.457	3776
0.459	3872
0.425	4080
0.449	3552
0.424	4384
0.455	4304
0.463	3968
0.467	4336
0.457	4144
0.449	3840
0.453	3648
0.452	3872
0.462	3696
0.463	3952
0.465	3984
0.458	3824
0.475	3952
0.472	4016
0.475	4352
0.477	4608
0.436	4832
0.449	4304
0.435	5232
0.459	3968
0.465	3984
0.447	4144
0.456	3760
0.458	3904
0.467	3872
0.433	3920
0.462	3936
0.458	4224
0.413	4656
0.414	3952
0.461	3872
0.417	3632
0.465	3984
0.478	4432
0.432	3584
0.427	4160
0.455	4240
0.421	4672
0.447	4112
0.448	3936
0.448	4080
0.453	3840
0.426	3824
0.439	4352
0.455	4048
0.465	3952
0.425	4640
0.421	4240
0.452	3552
0.444	3760
0.427	4176
0.437	3760
0.445	3776
0.457	4016
0.429	4448
0.414	4480
0.450	3920
0.415	3600
0.434	4704
0.427	3904
0.449	3632
0.436	4048
0.448	4288
0.433	4688
0.420	4448
0.437	3584
0.443	4048
0.452	3536
0.466	3808
0.460	3856
0.467	3568
0.459	3760
0.450	4064
0.463	3776
0.451	4064
0.449	3952
0.450	4016
0.470	3568
0.445	3552
0.455	3920
0.468	3776
0.452	3792
0.459	3872
0.439	3920
0.460	3968
0.438	4144
0.447	3888
0.451	4080
0.455	4528
0.419	3872
0.453	4400
0.458	4288
0.458	4032
0.458	4080
0.472	3744
0.449	3792
0.427	4448
0.455	4224
0.456	4064
0.447	3632
0.469	3760
0.471	4064
0.455	3712
0.464	3856
0.458	3824
0.446	4112
0.461	3904
0.418	4336
0.449	4272
0.458	4256
0.451	4016
0.450	3568
0.448	3552
0.459	3776
0.454	3552
0.457	3824
0.449	3888
0.454	3504
0.445	3952
0.435	4352
0.425	4544
0.455	3504
0.455	4048
0.459	3952
0.437	4256
0.457	4032
0.448	4096
0.451	4128
0.447	4208
0.461	4256
0.446	3488
0.451	4304
0.460	3984
0.434	3632
0.461	3728
0.465	3760
0.448	3744
0.467	3856
0.467	3856
0.423	4112
0.463	3872
0.472	4128
0.452	3824
0.468	3920
0.439	4096
0.425	3584
0.444	3904
0.460	3808
0.455	4048
0.460	4016
0.445	3984
0.453	4544
0.457	4336
0.434	4128
0.438	4704
0.469	3600
0.441	4336
0.449	3744
0.460	3696
0.457	3744
0.447	3968
0.464	4160
0.448	4128
0.453	3888
0.454	3984
0.451	3552
0.448	4480
0.463	3936
0.443	3776
0.472	4192
0.414	4048
0.446	4000
0.426	3920
0.472	4128
0.436	3760
0.447	4224
0.439	3792
0.441	3792
0.418	3824
0.450	4032
0.421	3952
0.444	4080
0.445	4240
0.451	4560
0.477	4288
0.447	4240
0.444	3920
0.426	3936
0.420	4496
0.454	3920
0.439	3936
0.459	4048
0.466	3888
0.440	4368
0.457	3888
0.455	4224
0.455	3824
0.454	3776
0.467	3776
0.454	3680
0.433	3840
0.435	4080
0.455	4400
0.451	4256
0.452	4576
0.442	3872
0.460	3840
0.459	3904
0.455	4112
0.445	3520
0.456	3840
0.439	4064
0.452	3824
0.437	4336
0.470	4032
0.437	4592
0.475	4560
0.452	5712
0.491	4432
0.475	4544
0.461	4368
0.483	4384
0.441	3776
0.432	3936
0.431	4352
0.449	4048
0.443	4272
0.441	4528
0.452	4112
0.448	4128
0.435	4720
0.468	4224
0.479	4224
0.459	4144
0.468	4688
0.456	4144
0.468	4288
0.480	4272
0.455	3952
0.450	3840
0.434	4208
0.452	4208
0.468	3872
0.436	4352
0.454	3552
0.456	3984
0.431	3792
0.452	3824
0.446	3728
0.447	4064
0.462	4208
0.461	3808
0.444	4112
0.443	3840
0.452	3840
0.446	3552
0.454	3792
0.447	3520
0.442	3584
0.446	3824
0.465	3728
0.456	3856
0.433	4048
0.465	3920
0.457	4032
0.465	3760
0.458	3712
0.439	3792
0.401	3856
0.402	3904
0.423	4144
0.392	4000
0.396	3456
0.426	3744
0.400	3952
0.425	3904
0.423	3840
0.400	3984
0.424	3968
0.423	3840
0.395	4080
0.410	3856
0.402	4272
0.406	4400
0.408	3792
0.406	3760
0.386	3648
0.398	3568
0.399	4176
0.411	4016
0.412	3504
0.414	3840
0.420	3904
0.410	4448
0.426	4112
0.429	4048
0.426	3792
0.417	4000
0.422	3920
0.404	3840
0.402	3520
0.413	3952
0.399	3696
0.421	3696
0.400	3920
0.427	4048
0.399	4096
0.418	4448
0.416	3632
0.416	3664
0.414	3920
0.421	3936
0.391	4048
0.409	3808
0.421	3568
0.409	3888
0.391	3872
0.408	4224
0.398	4096
0.418	3504
0.410	3840
0.408	4064
0.432	3968
0.411	4320
0.421	3840
0.419	4368
0.426	3824
0.418	3680
0.400	3664
0.400	3968
0.416	4592
0.379	4048
0.421	3856
0.402	3840
0.422	4304
0.403	3456
0.401	3696
0.411	3744
0.419	3632
0.416	3536
0.411	3936
0.400	3952
0.379	3872
0.415	3616
0.401	4320
0.407	3904
0.420	4208
0.423	4160
0.420	3872
0.400	3536
0.424	3984
0.421	3632
0.403	4112
0.413	4112
0.391	5152
0.404	3840
0.414	3792
0.425	3856
0.405	3552
0.390	3936
0.420	3840
0.404	3856
0.405	4384
0.415	4304
0.429	4560
0.448	3760
0.432	3936
0.410	4144
0.424	4496
0.420	4416
0.409	4336
0.415	3920
0.423	4048
0.417	3872
0.420	3568
0.411	3712
0.414	3824
0.427	4160
0.389	4240
0.410	3712
0.430	4064
0.437	4016
0.436	4096
0.406	4096
0.432	4016
0.423	4256
0.417	4048
0.428	3952
0.391	4096
0.416	4080
0.389	4400
0.420	4176
0.390	3584
0.383	3760
0.414	3984
0.388	4048
0.392	4368
0.418	3792
0.391	3760
0.387	4208
0.419	4224
0.410	4064
0.419	4080
0.390	3616
0.400	4240
0.415	3904
0.412	3904
0.416	3968
0.418	3968
0.417	3648
0.384	4048
0.418	3808
0.407	4128
0.417	3920
0.417	3760
0.416	3936
0.397	3536
0.391	4064
0.408	3760
0.415	3792
0.387	3872
0.422	3648
0.412	3904
0.406	3744
0.410	3984
0.424	3952
0.427	4176
0.425	4144
0.424	4640
0.406	3776
0.403	4384
0.395	3632
0.416	3568
0.407	3600
0.399	4000
0.404	3888
0.409	4128
0.409	3728
0.406	3904
0.405	3648
0.407	3904
0.433	4704
0.410	4048
0.407	3872
0.414	3680
0.444	4624
0.437	4752
0.430	4576
0.405	5040
0.411	5104
0.430	4672
0.388	4384
0.426	4256
0.424	3936
0.415	3808
0.415	4304
0.385	3568
0.394	3664
0.411	3760
0.426	3712
0.437	4832
0.445	5568
0.445	4432
0.449	4656
0.450	4528
0.407	4544
0.414	3792
0.428	4368
0.396	4016
0.418	4016
0.396	3712
0.418	3760
0.418	3920
0.410	4000
0.413	4208
0.414	3520
0.416	3488
0.417	4032
0.410	3872
0.400	3968
0.400	4128
0.413	4128
0.419	3776
0.420	3936
0.404	4864
0.424	4256
0.435	4784
0.402	3904
0.393	3536
0.389	3984
0.412	3664
0.417	4128
0.398	4544
0.424	4000
0.404	3712
0.389	3824
0.415	3872
0.420	3936
0.404	3920
0.398	3904
0.428	3728
0.419	3952
0.408	3744
0.419	4240
0.385	4096
0.425	3696
0.410	3888
0.394	4384
0.413	4192
0.428	4064
0.418	3696
0.411	3856
0.418	3520
0.417	3696
0.400	4112
0.432	3840
0.422	4768
0.420	4032
0.420	3840
0.415	3840
0.418	3904
0.422	3872
0.413	3776
0.417	4112
0.424	3552
0.401	3712
0.415	4208
0.418	3984
0.398	4032
0.401	4256
0.425	3808
0.430	3536
0.404	3744
0.435	4288
0.438	4400
0.416	4768
0.431	4480
0.435	3552
0.420	4160
0.419	4096
0.437	4832
0.426	3840
0.393	4064
0.422	3504
0.424	3520
0.430	3744
0.410	3872
0.418	4112
0.426	3472
0.421	3840
0.420	3696
0.425	3664
0.413	3712
0.389	3920
0.419	3952
0.420	3712
0.424	3808
0.416	3824
0.426	3776
0.421	4000
0.424	4128
0.391	3856
0.422	3904
0.405	3488
0.399	4000
0.403	3936
0.406	4000
0.422	4096
0.382	3552
0.389	3664
0.385	4176
0.416	3760
0.397	4240
0.378	3936
0.411	3856
0.386	3568
0.407	4832
0.402	3968
0.417	3520
0.392	4032
0.424	4032
0.391	3872
0.425	3904
0.421	4256
0.387	3904
0.403	3712
0.381	4016
0.411	4144
0.408	3936
0.382	3568
0.415	3872
0.390	4192
0.430	4000
0.383	4576
0.409	3776
0.411	3968
0.379	3968
0.402	3856
0.416	3760
0.416	3712
0.397	3696
0.396	3760
0.417	3984
0.421	3968
0.409	4064
0.389	4032
0.396	3568
0.409	3696
0.416	3872
0.389	4048
0.417	3872
0.405	3424
0.399	3696
0.392	3856
0.392	3984
0.401	4288
0.411	3472
0.391	3664
0.393	4960
0.420	3856
0.421	4576
0.408	3792
0.423	3936
0.388	3888
0.428	4416
0.400	3936
0.392	4320
0.398	3984
0.413	3664
0.414	4064
0.406	3936
0.414	4016
0.413	4000
0.411	3728
0.415	3824
0.391	3904
0.393	4224
0.414	4240
0.401	3824
0.416	3792
0.409	3712
0.413	3984
0.414	4592
0.425	4416
0.398	3568
0.413	4272
0.401	3904
0.416	3824
0.408	4256
0.402	3744
0.390	3872
0.416	3856
0.408	3888
0.407	4528
0.408	4272
0.392	3824
0.409	3744
0.417	3840
0.418	3904
0.386	4288
0.387	5072
0.423	3856
0.413	4192
0.404	3936
0.406	4064
0.400	4528
0.420	3536
0.423	3504
0.407	3712
0.414	3920
0.392	4336
0.417	3984
0.408	3696
0.420	3536
0.419	3808
0.415	3792
0.556	4688
0.420	4128
0.418	3984
0.415	4064
0.426	4368
0.407	3696
0.385	4048
0.392	4208
0.394	4096
0.420	4096
0.389	3520
0.422	3680
0.411	3936
0.422	4032
0.422	3744
0.408	4320
0.424	3712
0.412	4016
0.421	3952
0.422	3520
0.390	4000
0.425	3888
0.405	4160
0.438	4192
0.403	4416
0.433	4480
0.436	4400
0.425	4576
0.434	4304
0.418	4608
0.421	3680
0.411	3728
0.410	4016
0.400	4064
0.411	3840
0.403	3776
0.415	3680
0.400	3792
0.401	4256
0.420	4528
0.416	4480
0.429	3840
0.424	3728
0.409	5088
0.417	4384
0.407	4368
0.421	4912
0.416	4128
0.410	4208
0.415	4240
0.400	3648
0.411	3904
0.420	3856
0.421	4016
0.421	3504
0.376	3744
0.411	3840
0.419	3824
0.405	4160
0.423	3792
0.424	3680
0.420	4048
0.401	5136
0.420	4656
0.434	4096
0.410	4960
0.414	3920
0.401	4896
0.428	3968
0.415	3840
0.378	4352
0.398	3872
0.394	4064
0.396	3968
0.412	4064
0.398	4016
0.419	4912
0.383	4160
0.413	4240
0.413	4608
0.424	4208
0.430	4240
0.428	3952
0.431	4384
0.413	4384
0.406	4592
0.415	4000
0.419	4368
0.399	3904
0.409	3504
0.421	3856
0.398	4032
