28.780	265168
29.370	255568
26.176	251760
26.585	257392
20.883	216592
20.626	218256
28.284	259248
21.683	221040
22.028	225600
23.578	232736
21.973	225872
24.658	245600
16.337	188976
24.332	243440
23.193	231376
21.645	227088
25.273	227648
28.989	234704
34.198	261728
29.059	239744
27.561	229904
27.158	229440
52.812	334160
34.542	268848
32.645	258768
28.877	239360
33.276	261280
31.671	253392
34.391	265744
32.164	255536
46.510	312560
35.538	271712
42.946	299648
27.770	239328
27.499	237376
48.933	322976
28.372	233104
41.991	289248
41.314	294944
38.662	283456
50.740	335792
47.358	322320
35.413	276672
38.690	277664
38.161	277008
38.174	275680
33.995	262624
43.727	308208
30.607	249216
26.163	221136
30.046	246176
30.461	245776
30.723	249120
30.179	247424
28.491	232896
30.027	241824
29.699	241696
29.935	239648
30.612	248752
29.972	245888
30.520	247504
31.351	255568
29.716	250320
31.026	251328
30.457	246960
28.692	239136
31.172	248432
30.388	248560
29.899	242080
30.388	243152
29.995	242048
57.679	361152
29.947	241536
29.865	243456
28.985	236800
31.670	253744
30.261	248320
29.750	240528
29.200	242272
27.108	230752
30.161	246384
30.099	245952
29.927	242528
30.453	247904
29.345	239904
30.392	245152
30.628	248752
29.426	244608
32.991	262960
30.473	246240
30.870	252096
29.610	242864
28.776	227456
30.506	249280
30.186	246976
30.566	247712
30.058	244832
29.677	243840
29.508	238800
30.857	254352
30.780	247648
30.539	247600
29.185	242576
30.710	250064
51.137	335440
30.651	251696
27.415	236128
24.753	250464
28.233	252944
25.573	258224
25.510	255120
24.773	256144
24.544	246448
25.501	263472
25.206	261744
25.611	269488
25.965	261968
37.607	318016
25.297	252784
24.657	256080
26.203	270928
25.520	253680
26.797	268144
25.164	255008
25.749	256752
24.891	255712
25.864	260224
25.545	254080
26.136	262576
25.298	254896
26.524	273808
25.849	253968
2.275	59440
0.008	3984
0.118	11616
0.136	12336
0.074	9920
0.004	2864
0.006	3520
0.029	6272
0.025	5968
0.026	5984
0.006	3680
0.005	3360
0.004	3152
0.076	9408
0.010	4400
0.010	4304
0.019	5360
0.005	3360
0.005	3360
0.004	3120
0.127	12080
0.008	4000
0.011	4448
0.051	7920
0.026	6032
0.029	6320
2.248	61280
0.009	4048
0.004	2944
0.006	3664
0.019	5360
0.019	5376
0.024	5936
0.004	3088
0.005	3360
0.004	3088
2.418	65552
0.019	5280
0.020	5408
0.007	3840
0.004	2944
0.004	2944
0.004	2944
0.004	2944
0.004	2944
0.030	6400
0.006	3696
0.004	2960
0.004	2960
2.077	56352
0.004	2736
0.004	3120
0.009	4176
0.005	3360
0.032	6528
0.008	4016
0.009	4304
0.005	3264
0.008	4096
0.004	2960
0.009	4144
0.004	3088
0.004	3088
0.010	4352
0.009	4208
0.008	4144
0.034	6720
0.012	4544
0.005	3376
0.027	6176
0.036	6768
0.019	5392
1.474	46608
0.024	6032
0.020	5504
0.011	4624
0.027	6176
0.005	3360
0.005	3424
0.080	10496
0.014	4832
0.004	2864
0.007	3904
0.011	4448
0.034	6736
0.115	11824
0.018	5312
0.012	4544
0.009	4144
0.061	8576
0.026	6112
0.011	4544
0.004	3168
0.009	4128
0.009	4208
0.496	26048
0.049	7712
2.472	66768
0.009	4128
0.004	3168
0.018	5280
0.008	4000
0.014	4880
0.048	7696
0.049	7728
0.029	6336
0.012	4528
0.004	2880
0.045	7568
0.004	3088
10.406	152736
0.022	5744
0.006	3648
0.008	3936
0.010	4368
0.007	3792
0.006	3696
0.004	2944
0.004	3088
2.083	62096
0.004	2864
0.004	2864
0.004	2864
0.019	5360
0.060	8528
1.923	58096
0.014	4832
0.010	4416
1.799	54432
0.007	3792
0.004	3152
0.004	3248
0.028	6224
1.996	55600
0.021	5552
1.842	61312
0.074	9152
0.590	30000
0.237	17488
0.314	18560
0.040	7088
0.014	4832
2.327	64144
0.029	6368
0.047	7680
1.692	52208
1.874	55024
1.866	55264
0.042	7168
0.073	9680
2.140	59712
1.810	51952
2.190	62992
0.008	4048
0.053	7984
0.039	7040
2.008	55568
3.249	77664
1.283	43744
0.005	3264
2.004	58304
0.024	5856
0.005	3296
0.009	4192
0.226	15792
0.024	5872
32.386	293024
7.918	131824
0.034	6608
35.409	306752
0.458	24000
0.048	7904
0.010	4368
0.012	4576
0.581	28896
0.025	5968
2.347	64640
0.004	2720
0.050	7760
0.060	8224
0.246	18512
0.011	4416
1.039	40720
1.910	58128
2.119	59168
0.043	7488
0.037	6880
0.005	3392
0.009	4144
0.018	5264
0.082	9712
1.978	58048
1.162	41920
0.056	8256
1.598	49904
1.771	56624
0.005	3392
0.035	6768
0.211	15136
0.019	5312
0.019	5376
0.004	2864
0.004	3152
0.004	3248
1.661	53104
1.312	43872
0.017	5248
0.033	6576
0.194	16096
0.034	6816
0.019	5392
0.163	13456
0.006	3536
0.036	6832
9.954	155568
0.109	11280
2.349	66544
0.004	2864
0.013	4800
0.007	3808
0.019	5280
1.798	55360
0.010	4256
0.012	4688
0.017	5232
0.117	11376
1.014	38960
0.034	6608
0.006	3712
1.522	49072
1.096	42784
2.171	58656
0.039	7056
0.045	7424
0.051	8048
0.057	8304
1.815	52032
1.718	53328
1.723	57728
1.291	42480
1.274	43008
1.267	42272
1.255	44128
1.304	44896
0.011	4400
0.048	7680
0.004	3104
0.004	2864
0.048	7632
0.005	3184
0.064	8896
0.140	12448
0.390	23472
0.010	4336
0.007	3936
0.005	3360
0.009	4176
1.296	43280
0.005	3248
0.025	5952
0.021	5600
6.135	108704
0.009	4112
0.008	4080
0.009	4144
0.006	3520
0.007	3936
0.013	4608
0.478	24352
0.009	4160
2.052	57040
1.973	53584
2.151	62672
1.888	55232
1.281	45152
0.098	10560
0.538	27616
0.060	8432
2.328	61392
0.020	5392
0.005	3376
0.009	4128
0.041	7344
0.026	6032
1.051	42832
0.517	25728
0.207	16608
0.007	3648
0.007	3808
0.004	2640
0.052	7840
0.251	18544
0.248	18272
0.249	18064
0.246	17392
0.243	17584
0.200	15008
0.242	17568
0.242	17280
0.243	18848
0.244	18704
0.247	16816
0.013	4656
0.011	4528
0.006	3504
0.004	3104
0.007	3840
0.020	5424
0.405	22640
0.408	23008
0.405	21776
0.414	23184
0.415	22432
0.422	21728
0.423	23392
0.413	22256
0.402	23232
0.416	23600
0.411	21856
0.404	21072
0.404	22688
0.405	22832
0.403	23344
0.408	22144
0.396	21120
0.413	21408
0.407	22304
0.402	22832
0.402	23184
0.402	21344
0.398	22272
0.413	21904
0.411	23344
0.409	23504
0.402	22928
0.414	22128
0.437	23840
0.410	23152
0.407	21296
0.424	22784
3.329	77056
3.055	74832
3.186	75584
3.224	79184
3.030	75520
0.559	25152
0.560	26080
0.440	23632
0.442	24256
0.095	10384
0.436	24112
0.096	10400
0.439	23952
0.412	22416
0.413	22896
0.407	22928
0.421	23600
0.427	23984
0.418	23344
0.421	24400
0.450	23984
0.397	22304
0.396	22896
0.414	23312
0.470	23824
0.456	23440
0.439	24896
0.414	23168
0.398	20944
0.438	23712
3.196	70896
15.142	192976
9.057	139296
2.511	64688
8.489	139648
4.949	99872
8.895	136912
7.571	130864
7.125	125168
12.036	167744
9.167	139200
15.169	191392
2.034	55552
2.006	57904
6.711	123248
15.671	195024
6.094	113376
5.935	116864
6.055	118304
5.480	106992
5.898	111424
5.455	110928
5.493	113216
1.005	38960
1.054	36688
2.284	64256
1.095	38944
2.074	57088
1.372	43136
2.074	61552
2.038	57232
1.942	57952
1.146	40848
1.174	40848
1.018	36064
1.126	43648
1.111	39296
1.500	46384
1.115	40848
1.123	40640
0.196	15184
0.205	14848
0.208	15552
0.193	14864
0.191	14480
0.200	15344
0.155	13104
0.200	15568
0.191	14480
0.179	14256
0.163	14720
0.164	13776
0.157	13344
0.165	14080
0.122	12208
0.187	15504
0.226	17344
0.146	12704
0.166	13744
0.179	15072
0.138	12752
0.175	14544
0.218	16416
0.169	13904
0.162	13856
0.174	13984
0.162	13344
0.149	12848
20.472	227616
18.778	213760
18.609	214768
20.391	224560
17.672	208272
17.664	220768
19.474	222976
21.373	240912
19.872	220144
21.672	244160
21.122	244432
20.864	241584
19.062	217872
18.014	218720
17.591	209056
18.217	222160
19.396	230304
5.801	101792
0.170	13616
0.182	14256
0.185	14928
0.172	13920
0.186	14656
0.169	13664
0.165	13312
0.194	15536
0.159	13104
20.963	235856
0.212	15088
0.141	13104
0.153	12976
0.126	11728
18.532	226128
19.041	222800
0.253	16896
0.255	16784
0.263	17392
0.251	17008
0.259	17248
0.255	17584
0.255	16896
0.250	16784
0.245	16560
0.244	17376
0.130	11920
0.134	11792
0.135	12400
0.131	11872
0.142	12896
0.126	11824
0.134	12224
0.129	12160
0.131	12240
0.124	12000
0.133	12176
0.137	12432
0.130	12016
0.130	11936
0.133	12160
0.149	12768
0.132	12112
0.132	11744
0.134	12160
0.136	11952
0.136	11952
0.133	11984
0.132	11744
0.129	11712
0.134	12192
0.136	12496
0.144	12880
0.133	12208
0.127	11920
0.132	12560
0.128	11536
0.136	12208
0.135	12640
0.137	12704
0.131	11904
0.124	11392
0.131	12096
0.825	31984
0.810	31232
0.852	32944
0.929	35136
0.847	32832
0.867	36032
0.944	36752
0.859	32352
0.927	35776
0.882	34816
0.865	32272
0.918	34320
0.884	37664
0.931	35856
10.692	160096
10.312	149424
9.971	146736
10.874	159920
10.419	154992
10.666	162720
10.296	155168
9.597	147568
10.399	153056
9.939	150128
10.811	159072
10.544	154400
9.655	147120
10.558	159088
10.112	140544
9.805	153056
9.948	144864
9.738	147536
10.214	151872
10.001	143248
10.081	149248
9.827	147552
10.414	151680
1.001	35760
1.124	37520
1.994	53904
1.934	53104
1.997	53728
2.252	63712
2.371	60080
2.460	64624
2.380	63136
2.381	61840
2.398	58304
2.364	65824
2.202	62368
2.399	58880
2.443	66112
2.237	58432
2.378	65728
2.306	59216
2.290	59808
2.524	66048
2.095	55936
1.994	57392
2.236	56832
2.466	61520
2.209	59664
2.494	61472
2.571	66688
2.575	66640
2.473	63136
2.419	61840
1.760	54032
1.497	43344
1.554	44384
1.678	46496
1.706	46112
1.551	47408
2.211	56272
2.125	53488
2.364	60768
2.192	55648
2.340	64816
2.172	59600
2.189	59200
2.556	66016
2.444	67552
2.262	60912
2.241	57696
2.255	62352
2.113	57728
2.192	60080
2.100	53920
2.332	62528
1.371	44944
1.864	50912
2.046	53088
2.208	60432
2.417	62752
2.401	60976
2.350	62688
2.217	63952
2.140	55520
2.278	57616
2.237	60912
2.260	57888
2.293	56656
2.295	58912
2.285	62272
2.298	60128
2.221	61312
2.273	61040
2.280	57328
2.249	63824
2.268	61616
2.300	58384
2.011	53872
2.603	68960
2.270	56560
0.903	34096
1.449	47024
1.272	45072
2.336	63616
2.287	60400
2.344	60016
2.362	64112
2.348	59104
2.275	61376
2.255	62992
2.233	55920
2.250	55408
2.277	58240
2.275	62064
2.276	58048
2.211	56800
2.285	61072
2.508	62032
2.284	59616
1.928	53936
1.861	50752
1.907	55792
1.855	54736
1.909	58512
1.974	54704
2.055	54624
1.983	52032
2.000	56192
1.938	55392
1.980	54768
1.891	51424
1.955	54784
1.929	51424
2.337	57792
2.076	55696
1.925	54976
2.106	54896
2.071	56368
1.483	46160
1.579	45120
1.343	42384
1.097	38288
1.606	46016
1.942	56944
2.139	54832
2.050	53824
2.141	55712
2.240	62688
2.086	58448
2.154	56400
2.629	66400
2.573	63440
2.502	60176
2.524	65952
2.123	53584
1.782	47904
2.409	57872
2.326	57200
2.346	60384
2.408	58784
2.332	60320
2.398	65424
2.333	57440
2.379	64208
2.676	67712
2.358	63392
2.543	68720
2.478	64128
2.401	58176
2.484	63568
2.585	63120
2.590	66544
2.283	62192
2.125	54576
2.169	57168
2.409	62672
2.446	58224
2.441	58224
1.731	49808
1.664	48144
2.456	63584
2.533	67584
2.482	66464
2.460	64176
2.521	65088
2.370	62800
2.323	60640
2.249	60784
2.277	60112
2.326	66768
2.320	62272
2.298	62064
2.033	53648
1.895	52608
2.048	55312
1.772	51728
2.301	58944
2.337	63552
2.323	62560
1.101	37200
1.404	42208
1.251	40944
2.214	59616
2.171	60688
2.316	63808
2.308	61920
2.354	62416
2.143	54704
2.382	63536
2.378	64944
2.220	55584
2.313	61984
2.312	65168
2.298	62176
2.325	59488
2.277	62016
2.306	61776
2.328	62064
4.499	95680
4.077	87968
4.119	86848
4.549	92992
4.698	92560
4.795	96096
4.412	88848
3.954	84464
5.052	95216
3.831	87632
4.763	93696
4.594	94832
4.677	93728
4.716	93968
3.945	85904
4.609	95792
4.719	95424
4.476	91264
3.796	81680
4.579	95744
3.571	79088
4.094	90208
4.545	83984
3.594	81472
3.994	85280
4.758	91600
4.210	92272
4.670	92000
4.712	96512
4.666	95568
3.931	81056
4.342	90688
1.879	53392
2.010	58560
1.997	53168
2.310	57664
1.890	50560
4.096	87456
4.233	82064
4.848	95728
4.162	85264
4.166	86000
4.311	85504
4.341	84176
4.759	96592
4.733	94016
3.954	84960
4.598	94400
4.780	96416
4.730	96368
4.426	90272
4.468	88544
4.262	93616
4.359	84624
5.069	101424
4.237	88624
4.435	89904
2.114	56224
2.473	67168
2.367	67184
2.356	57744
2.377	64832
2.355	58432
2.350	57616
1.889	53392
2.292	62016
2.211	55472
2.448	67104
2.183	54416
0.995	35360
1.469	44352
2.237	61792
2.488	60160
2.214	55760
2.513	66160
2.379	60832
2.448	64864
2.507	69184
2.252	60448
2.268	56304
2.112	54000
2.151	58416
2.122	55360
2.072	54752
2.441	59456
2.372	62240
2.456	59312
2.520	66432
2.159	56032
2.107	54880
2.123	60400
2.545	65792
2.548	64544
2.346	62112
2.141	61552
2.251	55920
2.528	61760
2.584	69488
2.597	68368
2.561	62384
2.544	66160
2.476	63392
2.062	55600
2.692	68752
2.215	61600
2.231	56272
2.114	60544
2.203	56896
2.354	61280
2.525	62864
2.314	61536
2.341	62928
2.108	60752
2.141	62816
2.114	59328
2.217	56496
2.244	60976
1.789	50704
2.102	54576
2.241	59424
2.222	64880
2.167	55232
2.140	55280
2.153	60848
2.142	54832
2.179	57360
2.136	58720
2.171	57504
2.142	56304
2.220	59456
2.209	63504
2.163	57584
2.440	67168
2.431	65600
2.421	59056
2.234	56560
2.313	60336
2.429	60640
2.076	58144
2.444	63744
2.497	64080
2.363	58800
1.985	53584
2.173	58992
0.426	23088
0.555	26000
1.146	39888
1.708	50672
1.666	46800
1.543	49968
2.114	54160
2.067	54672
2.065	56416
2.395	63024
2.265	58176
2.342	59376
2.397	67024
2.357	66064
2.283	56864
2.296	60672
5.481	105168
4.482	94576
5.103	104064
4.315	89520
3.680	81008
5.678	104032
6.062	110336
6.365	111872
6.107	114720
5.601	105456
6.310	107456
5.207	97072
6.578	124704
4.788	96144
4.798	90144
5.006	98880
4.489	92624
5.747	103712
5.773	109424
1.161	39664
1.547	51664
0.702	28144
0.708	29584
1.765	48416
0.642	27744
0.723	28848
4.333	95136
4.201	87744
4.362	96640
3.952	88432
4.311	94656
4.304	91088
3.959	78576
4.581	95952
4.585	86128
4.195	86256
4.281	90608
4.282	92896
4.312	90720
4.272	82896
4.313	88800
4.287	85392
4.365	94944
4.588	86352
4.289	90208
4.272	93440
4.240	87408
2.706	67808
4.260	82272
2.261	58192
2.034	59392
2.112	54400
2.038	56992
2.332	61952
2.240	63600
2.218	60512
2.392	68128
2.296	57792
2.260	56608
2.028	53840
1.971	54432
2.067	53872
1.614	49264
2.384	60624
2.312	60384
2.324	58000
2.425	61072
2.353	59744
2.421	65024
2.569	63296
2.466	66736
2.207	60208
2.202	59168
2.299	61696
2.513	65680
2.495	61504
2.283	66608
2.343	61984
2.299	61552
2.207	57968
2.107	56256
1.370	41440
1.441	43840
1.300	39984
2.388	62080
2.148	53872
2.376	61024
2.405	62176
2.339	58960
2.310	58656
2.097	57360
2.174	58640
2.200	56960
2.207	58560
2.265	61088
2.139	57584
2.075	53552
2.293	63088
2.233	61136
2.248	59600
2.283	60160
2.147	61824
1.976	57920
2.317	62192
2.390	68224
2.339	56832
2.437	63488
2.028	57440
1.931	50896
1.957	52064
2.321	58800
1.312	43776
1.310	42752
2.081	53536
2.264	57792
2.193	59264
2.070	52976
2.343	57984
2.329	61904
2.266	56048
2.602	62560
2.128	61280
2.261	61680
2.268	56960
2.409	63728
2.345	58912
2.359	59968
2.401	63760
2.376	62976
2.475	66816
2.268	56784
2.294	59440
2.226	54896
2.367	57952
1.954	55456
2.275	59264
2.316	62176
1.595	44784
1.584	50048
1.592	45520
2.019	52224
2.081	53408
2.050	56272
1.969	52464
1.927	54496
1.943	56048
1.904	50864
1.876	50048
2.063	56880
2.073	56880
2.108	54352
2.114	57904
2.046	54128
2.149	58288
2.191	59904
3.975	89936
3.983	83008
4.023	80656
3.808	77872
3.796	81424
4.068	82272
4.371	90784
3.709	76592
5.687	102064
5.146	99136
4.274	88480
1.949	52736
2.302	59024
2.574	63328
2.524	60448
2.533	62272
2.231	55936
2.280	60032
2.301	61760
2.284	58192
2.281	56832
2.305	64624
2.389	64480
2.236	59456
2.252	57024
6.255	113136
4.742	95520
4.778	98480
4.762	95744
1.502	46304
2.754	69680
2.049	54080
2.099	55232
2.574	62848
1.749	48368
2.614	62960
0.848	34448
1.698	47408
1.657	47168
2.520	66080
2.538	68624
1.636	50320
2.716	64416
2.975	71680
4.023	83856
1.011	35552
1.987	55888
1.494	45792
3.791	79360
3.685	87008
0.609	28256
2.294	56208
4.265	93248
4.297	86976
4.252	88416
4.142	84832
2.377	62960
2.336	62080
1.254	41888
1.906	52960
2.653	66304
2.762	65152
2.542	66176
2.391	61008
0.644	31424
1.719	50512
1.792	51072
2.563	69280
4.281	87840
2.247	64640
1.755	49104
2.344	57872
2.277	58912
0.679	30464
1.776	48960
2.647	69104
1.639	50064
2.187	62752
4.826	92320
4.987	99648
4.858	92512
4.884	96256
22.779	251424
10.838	153648
5.758	108592
2.254	65312
12.985	177840
10.101	151808
10.389	157952
13.103	180016
6.309	118624
5.520	102848
10.578	150912
17.395	219792
8.719	134256
12.492	172528
12.537	176304
18.781	230416
17.423	207104
15.126	208592
15.189	193232
17.928	219360
21.466	262992
12.952	179824
21.689	251312
12.780	177536
13.615	190848
8.250	132864
12.324	176320
5.884	104880
5.644	101376
5.300	101584
46.661	382608
20.708	251312
4.209	90432
13.568	196048
11.034	163120
4.132	81184
6.041	110960
22.978	249984
19.643	237584
9.627	147712
15.947	199504
6.305	109872
5.513	100912
1.041	36224
43.285	364640
18.716	232080
18.785	216256
11.531	166704
9.522	148064
2.402	59616
2.494	64528
4.029	81648
24.343	263440
23.682	262464
6.144	122224
24.366	269952
3.167	70304
10.876	153056
7.903	130752
23.366	256784
8.788	147632
5.140	107232
6.608	121072
2.682	63872
2.986	70576
3.549	78928
3.401	73664
4.608	91360
3.284	76992
2.306	59328
3.617	76768
2.770	70608
3.528	76288
6.206	118560
6.213	118000
7.044	123920
10.663	158704
10.481	151056
12.737	173744
6.370	117792
10.744	150992
10.208	153056
10.443	156944
23.017	259888
23.483	255808
24.096	256944
6.893	120864
8.020	127632
6.432	121440
10.139	151472
7.844	132240
3.200	78208
18.974	229792
23.316	260352
23.005	255408
12.296	175120
12.796	176256
4.831	95392
4.902	93920
23.644	262592
24.004	261680
20.310	234496
24.136	255168
11.448	164720
2.517	61888
6.765	128160
3.504	81712
1.779	49200
2.518	65248
2.695	71216
2.508	62800
11.523	162128
6.774	120736
9.829	152048
10.707	158368
12.717	184160
8.674	145680
5.014	100736
5.551	112032
10.158	149744
12.204	176320
19.246	230640
17.300	214096
17.375	214448
8.234	131856
3.291	71904
3.384	76096
11.011	168896
21.175	245744
13.985	196352
14.102	191824
22.535	261648
3.261	78112
0.083	10000
1.769	50528
10.603	154224
0.325	18768
3.035	73104
5.993	100800
14.230	184784
9.809	157568
6.844	120400
55.259	405248
4.560	96224
72.37	470064
