0.016	2208
0.016	2080
0.033	2288
0.030	2336
0.038	2368
0.025	2176
0.044	2240
0.043	2368
0.012	2080
0.027	2096
0.033	2096
0.040	2128
0.032	2096
0.038	2128
0.032	2096
0.036	2096
0.024	2112
0.062	2576
0.032	2368
0.052	2512
0.078	2624
0.044	2656
0.066	2656
0.022	2096
0.066	2608
0.048	2304
0.050	2496
0.067	2544
0.067	2592
0.038	2432
0.067	2528
0.050	2464
0.053	2576
0.031	2256
0.054	2448
0.057	2544
0.024	2208
0.025	2320
0.054	2448
0.061	2272
0.029	2352
0.073	2448
0.057	2464
0.040	2432
0.030	2272
0.039	2336
0.045	2368
0.015	2160
0.037	2208
0.036	2304
0.012	2080
0.033	2272
0.060	2352
0.061	2480
0.036	2432
0.013	2096
0.064	2304
0.064	2400
0.044	2432
0.039	2416
0.054	2496
0.044	2448
0.038	2336
0.025	2320
0.045	2464
0.029	2464
0.029	2352
0.028	2368
0.064	2656
0.062	2368
0.063	2480
0.064	2224
0.052	2576
0.043	2432
0.044	2432
0.021	2192
0.026	2208
0.034	2272
0.030	2272
0.020	2416
0.051	2560
0.024	2320
0.022	2112
0.018	2080
0.019	2208
0.034	2128
0.034	2224
0.013	2096
0.041	2448
0.019	2080
0.049	2320
0.034	2288
0.019	2176
0.018	2080
0.051	2528
0.019	2336
0.029	2384
0.068	2752
0.078	2752
0.049	2240
0.020	2240
0.038	2336
0.026	2352
0.033	2512
0.056	2624
0.031	2192
0.040	2432
0.063	2896
0.024	2192
0.059	2560
0.041	2416
0.034	2432
0.024	2416
0.018	2192
0.034	2480
0.021	2160
0.026	2352
0.028	2176
0.028	2304
0.019	2224
0.017	2320
0.033	2176
0.028	2272
0.030	2192
0.017	2304
0.022	2192
0.024	2096
0.030	2096
0.016	2160
0.034	2368
0.018	2208
0.021	2256
0.049	2224
0.033	2176
0.025	2384
0.016	2240
0.025	2416
0.046	2512
0.026	2272
0.028	2352
0.023	2192
0.025	2400
0.052	2224
0.055	2416
0.025	2096
0.064	2704
0.022	2272
0.022	2224
0.022	2352
0.022	2352
0.046	2576
0.035	2416
0.055	2656
0.051	2448
0.023	2176
0.029	2160
0.019	2080
0.027	2288
0.018	2080
0.021	2112
0.021	2192
0.031	2112
0.030	2112
0.036	2192
0.036	2192
0.037	2304
0.020	2176
0.039	2224
0.022	2208
0.044	2368
0.027	2096
0.022	2096
0.037	2240
0.041	2336
0.032	2560
0.042	2528
0.043	2368
0.036	2448
0.026	2224
0.035	2288
0.029	2304
0.060	2656
0.038	2304
0.070	2512
0.050	2560
0.035	2176
0.016	2096
0.074	2656
0.029	2192
0.083	2912
0.075	2640
0.025	2256
0.036	2480
0.028	2320
0.022	2288
0.025	2384
0.018	2336
0.020	2368
0.021	2288
0.055	2512
0.034	2288
0.020	2272
0.020	2208
0.025	2352
0.025	2240
0.012	2208
0.075	2816
0.073	2640
0.022	2256
0.026	2336
0.033	2416
0.022	2336
0.031	2336
0.018	2240
0.018	2208
0.019	2176
0.048	2352
0.080	2736
0.031	2288
0.048	2240
0.046	2256
0.018	2176
0.022	2224
0.015	2160
0.035	2304
0.028	2080
0.054	2416
0.031	2224
0.042	2208
0.019	2384
0.019	2272
0.028	2480
0.041	2416
0.022	2160
0.030	2336
0.037	2240
0.024	2208
0.030	2320
0.023	2160
0.019	2176
0.046	2288
0.038	2288
0.041	2128
0.060	2480
0.012	2080
0.077	2544
0.042	2640
0.015	2256
0.060	2320
0.022	2112
0.012	2080
0.061	2384
0.017	2096
0.026	2240
0.031	2320
0.029	2256
0.020	2128
0.034	2416
0.025	2224
0.025	2288
0.031	2272
0.018	2208
0.033	2208
0.021	2304
0.020	2112
0.021	2192
0.021	2160
0.020	2096
0.020	2144
0.020	2080
0.020	2288
0.028	2352
0.021	2224
0.017	2400
0.030	2240
0.035	2240
0.041	2240
0.030	2096
0.023	2304
0.021	2208
0.037	2096
0.075	2400
0.034	2096
0.042	2400
0.054	2576
0.017	2208
0.054	2544
0.048	2256
0.096	3040
0.021	2112
0.028	2320
0.036	2112
0.034	2224
0.026	2224
0.033	2240
0.057	2464
0.034	2288
0.024	2176
0.033	2304
0.054	2384
0.046	2320
0.056	2544
0.025	2096
0.091	2640
0.056	2576
0.034	2384
0.033	2352
0.042	2560
0.022	2272
0.022	2368
0.041	2336
0.041	2320
0.033	2272
0.031	2208
0.028	2240
0.026	2192
0.034	2368
0.035	2128
0.055	2112
0.047	2112
0.028	2096
0.056	2640
0.061	2256
0.022	2288
0.029	2176
0.048	2224
0.034	2240
0.017	2096
0.016	2192
0.035	2448
0.024	2272
0.055	2192
0.054	2352
0.020	2192
0.030	2496
0.030	2416
0.032	2464
0.013	2224
0.023	2416
0.021	2096
0.060	2400
0.035	2256
0.040	2112
0.066	2800
0.019	2080
0.025	2224
0.033	2512
0.017	2192
0.040	2224
0.018	2096
0.018	2096
0.040	2400
0.018	2192
0.027	2240
0.029	2224
0.023	2432
0.025	2096
0.019	2112
0.024	2192
0.044	2256
0.018	2112
0.019	2096
0.022	2112
0.036	2096
0.024	2448
0.019	2096
0.028	2224
0.019	2176
0.021	2160
0.017	2096
0.061	2224
0.025	2096
0.035	2416
0.018	2336
0.032	2368
0.019	2192
0.023	2176
0.021	2352
0.019	2176
0.026	2192
0.061	2272
0.017	2160
0.032	2160
0.033	2272
0.038	2336
0.033	2176
0.023	2208
0.023	2096
0.026	2272
0.038	2384
0.045	2480
0.029	2352
0.037	2480
0.040	2368
0.052	2384
0.040	2256
0.020	2304
0.039	2336
0.037	2368
0.040	2352
0.031	2256
0.044	2224
0.035	2256
0.030	2240
0.022	2112
0.051	2608
0.021	2464
0.028	2384
0.019	2208
0.033	2352
0.033	2320
0.044	2112
0.033	2208
0.045	2144
0.024	2096
0.021	2208
0.033	2288
0.034	2096
0.019	2080
0.016	2224
0.030	2464
0.032	2240
0.018	2160
0.047	2208
0.049	2464
0.024	2224
0.024	2080
0.056	2448
0.011	2112
0.028	2304
0.021	2096
2.341	5696
0.408	3312
0.072	2208
0.063	2528
0.043	2528
0.060	2576
0.095	2640
0.082	2464
0.093	2624
0.080	2688
0.046	2432
0.083	2624
0.058	2288
0.060	2352
0.060	2608
0.115	2784
0.106	2576
1.035	5536
0.595	4352
0.950	4576
0.507	3904
0.970	4304
0.981	4688
0.540	4048
0.582	3888
0.530	3840
0.554	4160
0.989	4944
0.987	4800
1.018	5328
0.999	4976
1.088	5936
1.029	5696
1.037	5248
1.018	5696
0.996	5328
1.001	4944
0.999	5152
0.892	4528
1.007	5168
1.009	5440
1.094	5312
0.604	3936
0.480	3888
0.552	4000
0.654	4080
0.601	3840
0.554	4336
1.051	5088
0.539	3792
0.665	4432
0.649	4000
0.796	4400
0.812	4272
0.907	4848
0.572	4096
0.665	3984
0.667	3856
0.830	4272
0.883	4704
1.113	5392
0.921	4480
0.653	4000
0.816	4352
0.567	3808
0.637	4064
0.501	3696
0.508	3904
0.509	3632
0.663	3856
1.112	4944
1.140	5344
0.905	4576
0.605	3776
0.965	4848
0.830	4400
0.542	3824
0.606	4192
0.497	3776
0.603	3744
0.590	3632
0.578	4080
0.867	4800
0.537	3584
0.580	3328
0.581	3440
0.579	3776
1.144	5024
0.865	4288
1.037	4560
0.563	3856
0.591	3648
0.861	4144
0.870	4320
0.852	4272
0.692	3760
0.833	3744
0.786	4192
0.539	3408
0.539	3712
0.814	4512
0.664	4112
0.649	3920
0.650	3584
0.650	3888
0.514	3408
0.565	3840
0.579	3456
0.919	4704
0.470	3552
0.532	3584
0.722	3952
0.632	4048
0.697	4400
0.799	4736
0.609	4608
0.664	4064
1.046	5120
0.713	4480
0.688	4288
0.632	3904
0.659	4128
0.617	4000
0.618	4064
0.617	3952
0.582	3872
0.581	3936
0.532	3648
0.932	5008
0.947	4832
0.863	4160
0.823	4368
0.677	4048
0.864	4320
1.041	4784
0.609	4224
0.757	4656
0.841	4688
0.939	5200
0.650	4320
0.602	3888
0.514	3920
0.849	4432
0.628	3776
0.605	3696
0.918	4640
0.923	4720
0.702	4416
0.608	4112
0.515	3760
0.755	4448
0.813	4736
0.756	4752
0.942	5344
0.908	4768
0.740	4608
0.498	3840
0.798	4864
0.559	3856
0.555	3888
0.555	3792
0.590	3792
0.585	3776
0.614	3968
0.975	4560
0.585	4032
0.395	3280
0.920	4512
0.980	4784
0.615	4000
0.614	3936
0.800	4240
0.618	3776
0.589	3744
0.654	3872
0.628	3984
0.582	4032
0.496	3632
0.601	4032
0.980	5024
0.912	4720
0.605	3872
0.606	3792
0.543	3856
0.635	4256
0.582	4576
0.633	4256
0.621	3952
1.111	4672
1.121	4816
0.622	4224
0.582	4048
0.637	4016
0.622	4448
0.630	4144
0.636	4160
0.794	4592
0.652	4544
0.574	4096
0.636	4224
0.624	4368
0.622	4160
0.578	4032
0.639	4064
0.621	4272
0.577	4112
0.625	4160
0.584	4384
0.532	3856
0.624	4240
0.520	3936
0.543	3696
0.639	4496
0.635	4192
0.626	4416
0.488	3568
0.621	4304
0.741	4368
0.742	4384
1.106	4960
0.638	4224
0.581	4256
0.641	4496
0.633	4144
0.639	4384
0.633	4368
0.632	4288
0.559	4112
0.585	4160
0.555	3904
0.534	4272
0.535	3952
0.865	4800
0.638	4384
0.664	4288
0.709	4304
0.945	5200
0.563	3984
0.563	4160
0.606	4096
1.025	5744
1.023	5472
1.025	5264
0.694	4160
0.579	3712
0.631	3744
0.617	3856
0.648	4400
0.576	3952
0.573	3856
0.578	3936
0.769	4240
0.932	4688
0.595	3680
0.604	3680
0.632	4112
0.821	4336
0.836	4480
0.553	3568
0.676	3856
0.750	4000
0.604	3760
0.842	4704
0.986	4576
0.529	3616
0.728	4128
0.715	4096
0.609	3760
0.657	4032
0.650	4240
0.664	3952
1.008	4896
1.048	4144
0.606	3904
0.736	4400
0.569	3760
1.055	4752
0.756	3920
0.642	3984
0.695	4448
0.862	4528
0.933	4192
0.772	4784
2.572	7680
0.920	4624
0.913	4624
0.838	4032
0.911	4848
1.552	5392
0.809	4144
1.172	4656
1.296	5328
1.566	5904
1.256	5472
1.481	5664
0.764	4176
0.656	3824
1.248	5232
1.144	4768
1.798	6400
1.404	5152
0.999	4432
1.592	5776
1.033	4592
0.936	4544
0.944	4560
0.883	4592
0.861	4192
1.469	5376
1.366	5248
0.696	4160
1.532	5392
1.508	5520
1.536	5728
1.131	5088
1.554	6112
1.048	4864
1.221	5232
0.903	4192
1.393	5520
1.493	5712
1.583	5344
1.183	4336
1.511	5392
0.830	4304
0.804	4272
1.577	5712
0.637	4928
1.316	5184
1.480	5312
0.815	4288
1.510	5584
0.815	4256
1.527	5072
1.533	5616
1.526	5232
1.075	4992
1.445	5616
1.253	5424
1.047	4816
1.480	5680
0.900	4352
1.058	4560
1.337	5360
1.669	6832
0.809	4400
1.215	4832
1.120	4816
1.891	5456
1.973	6528
1.490	5984
1.020	4752
1.568	5776
1.670	6352
1.509	5616
1.511	5808
1.517	5648
1.510	5360
0.807	4224
1.514	5968
1.318	5152
1.622	5488
1.141	4656
1.225	4624
1.562	5488
1.506	5472
1.436	5248
1.168	4688
2.146	5920
2.323	5648
1.500	5696
1.213	5168
1.509	5696
1.245	5376
1.671	6784
1.358	4992
1.048	4720
1.458	5520
1.424	5360
0.962	4192
1.248	5376
1.309	5584
1.508	5584
1.503	5488
1.050	4816
0.909	4416
1.488	5936
1.439	5632
2.187	7152
0.862	4176
0.762	4112
0.805	4160
1.524	5456
0.477	3568
1.408	5472
1.318	5440
1.515	5568
1.515	5536
0.794	4160
0.831	4320
1.506	5536
0.552	3552
1.582	6368
1.580	6336
0.800	4336
0.290	3088
0.328	3216
0.288	3136
0.254	3040
0.299	3264
0.280	3232
0.132	2848
0.730	3712
0.343	3072
0.245	3552
0.193	2944
0.226	3040
0.283	3232
0.341	3296
0.331	3264
0.207	2944
0.179	2960
0.329	3216
0.189	3008
0.335	3232
0.337	3344
0.276	3136
0.360	3312
0.294	3328
0.282	3232
0.289	3120
0.347	3168
0.366	3152
0.359	3216
0.340	3280
0.279	3184
0.351	3136
0.185	2912
0.272	3200
1.077	4480
0.355	3392
0.183	2784
0.366	3312
0.205	3152
0.337	3120
1.066	4128
0.195	3040
0.192	2976
0.350	3280
0.274	2944
1.802	6816
0.596	4080
3.822	10416
3.832	11040
3.777	10592
4.227	13600
2.111	6336
3.912	11152
3.301	9024
2.078	6464
3.313	10160
2.145	5728
3.138	9008
3.135	9488
2.278	6704
3.149	9648
3.409	9184
3.316	8848
3.295	8928
3.296	8288
3.294	8528
3.154	9552
2.230	6912
2.808	8080
2.555	7488
3.233	10048
3.231	10176
3.159	7968
2.931	8464
3.272	8736
2.390	7296
2.299	6896
3.160	9536
2.600	8080
3.463	9904
3.328	9424
3.366	9824
3.376	8608
3.980	10544
2.511	7568
2.173	6144
2.214	7136
2.203	6976
3.664	10480
2.811	8400
3.773	9040
1.890	5984
1.785	5824
4.090	11696
3.421	7680
3.416	9072
4.152	12752
2.922	9616
3.831	11984
2.903	8240
2.139	5856
2.612	6400
3.053	9840
4.007	10272
3.905	19760
3.824	11792
6.529	11408
5.393	8784
3.531	8128
0.261	3008
0.309	3168
0.300	3088
0.316	3152
1.466	4608
0.486	3536
0.850	4016
0.266	3200
0.428	3488
0.669	3680
0.395	3424
0.388	3184
1.035	4240
0.870	3936
7.016	10096
0.586	3600
3.894	10912
3.373	8336
0.007	2064
0.007	2064
0.007	2064
0.006	2064
0.006	2064
0.006	2064
0.006	2064
0.006	2064
0.006	2064
0.006	2064
0.006	2064
0.007	2064
0.006	2064
0.007	2064
0.007	2128
0.006	2064
0.006	2208
0.007	2064
0.007	2064
0.007	2064
0.006	2064
0.007	2144
0.411	3360
1.030	5680
0.669	4224
0.550	4032
0.595	3952
0.618	3968
0.863	4352
0.536	4704
1.112	4576
0.501	4144
0.583	4032
0.859	4336
3.705	8944
1.071	4576
0.093	2832
0.176	2992
0.156	2880
0.188	2976
0.088	2432
0.359	3424
0.273	3040
0.024	2080
0.026	2192
0.020	2128
0.014	2208
0.116	2624
0.025	2144
0.077	2432
0.278	3200
1.623	4528
0.233	3424
0.034	2352
0.119	2656
0.088	2720
0.102	2576
0.056	2320
0.067	2432
0.042	2432
0.045	2288
0.066	2352
0.074	2560
0.073	2496
0.048	2368
0.050	2496
0.049	2256
0.070	2528
0.074	2544
0.078	2496
0.063	2272
0.082	2544
0.066	2576
0.022	2176
0.020	2272
0.086	2672
0.019	2080
0.019	2144
0.014	2272
0.016	2144
0.062	2448
0.094	2720
0.084	2528
0.074	2544
0.064	2544
0.071	2336
0.060	2480
0.069	2544
0.064	2400
0.055	2624
0.032	2208
0.021	2112
0.017	2208
0.011	2208
0.012	2096
0.012	2080
0.023	2208
0.011	2080
0.041	2256
0.044	2224
0.080	2576
0.069	2240
0.050	2272
0.052	2432
0.058	2304
0.050	2528
0.064	2528
0.049	2496
0.041	2240
0.044	2272
0.560	3904
0.049	2416
0.417	3680
0.082	2160
0.138	2960
0.213	3024
0.301	3264
0.063	2368
0.071	2592
0.021	2192
0.017	2080
0.028	2272
0.015	2112
0.022	2096
0.057	2384
0.072	2464
0.069	2480
0.082	2496
0.081	2496
0.082	2448
0.058	2400
0.119	2656
0.508	3488
0.225	3120
0.021	2160
0.359	3200
0.774	4160
0.379	3216
1.138	4176
2.707	6240
1.207	4112
1.015	3808
1.882	5232
0.884	3920
0.561	3456
0.176	2928
0.030	2192
0.094	2512
0.079	2704
0.114	2784
0.197	3008
0.124	2688
0.050	2400
0.476	3520
1.003	4160
2.306	6496
1.288	5040
3.158	7376
0.282	3104
0.119	2720
0.083	2592
0.160	2976
0.135	2800
2.500	6064
0.184	2784
0.257	3008
0.329	3232
0.130	2480
0.274	3200
0.247	2832
0.231	3088
0.386	3616
0.220	3008
0.911	3728
1.625	4800
1.962	4976
1.076	4608
0.399	3488
3.701	7328
0.539	3744
2.346	6240
0.668	3840
0.440	3408
1.479	4736
0.319	3312
0.082	2592
0.235	3136
0.807	4256
0.937	4528
1.278	4752
1.634	5600
1.706	6464
0.812	3888
0.159	2944
0.365	3280
0.242	3072
0.198	3104
0.197	2832
0.200	2944
0.197	2960
0.186	2992
0.525	3536
0.211	2832
0.200	3040
0.249	3152
0.233	3088
0.435	3568
0.618	3600
0.507	3520
0.192	2976
1.312	5600
0.196	3008
0.219	3072
0.296	3168
0.189	3024
1.493	5472
0.384	3456
1.725	4656
0.546	3648
1.264	5296
0.206	3056
0.846	3952
0.559	3552
0.174	2912
0.635	3920
0.164	2848
0.708	4144
0.774	4064
0.336	3216
0.741	3888
0.217	3120
0.227	3040
1.346	5296
0.749	3968
0.204	2992
1.010	4720
1.080	4096
1.372	4480
0.465	3920
0.066	2144
0.078	2528
0.101	2592
0.095	2512
1.005	5088
0.591	3744
0.485	3936
0.742	4000
0.606	3856
0.502	3664
0.683	3936
0.669	4256
0.945	4416
1.059	4624
1.337	4832
0.459	3904
1.544	5120
0.597	3696
0.797	4208
0.436	3456
0.791	4208
1.096	4720
0.604	3808
0.714	4000
0.784	4432
0.598	4304
0.565	3824
0.865	4272
0.787	4288
0.777	4208
1.445	5136
1.449	5392
1.177	4592
1.556	5504
0.894	4320
0.534	3744
1.272	4816
1.025	4336
1.373	5216
1.048	4672
1.077	4192
0.799	4144
0.424	3584
0.820	4432
1.091	4720
1.366	5568
1.532	5088
0.816	4032
0.612	3808
1.157	4736
1.086	4656
0.546	3552
0.575	3968
1.551	5136
0.606	4160
0.725	3984
0.410	3696
0.804	4032
0.435	3744
0.522	3360
0.406	3456
1.083	4544
0.606	3824
1.084	4816
0.580	3904
1.226	4768
0.788	4112
0.618	4256
0.438	3760
1.137	5056
0.619	4400
0.685	3872
0.613	4048
0.582	4128
0.815	4080
1.477	5104
0.836	4304
0.577	3904
1.211	4704
0.586	3872
0.442	3600
0.482	3408
0.384	3440
0.422	3424
0.415	3312
0.419	3280
0.784	4160
0.550	3600
0.487	3600
0.401	3504
0.417	3424
0.417	3360
0.410	3616
0.408	3296
0.436	3600
0.584	3920
0.542	3472
0.587	4416
1.254	5200
1.506	5680
0.715	4336
0.900	4208
0.617	4016
1.593	5552
0.881	4464
0.933	4608
1.511	4928
1.531	5744
0.394	3424
0.507	4464
0.538	3712
0.587	3904
1.008	4608
1.584	5248
0.864	4272
1.120	5200
1.501	5360
1.481	5472
0.820	4240
0.604	3824
0.913	4288
0.833	4240
1.106	4496
0.453	3504
0.823	4304
0.603	4416
0.847	4048
0.762	4032
1.173	4736
1.465	5200
0.683	4000
0.687	4176
0.604	4160
0.746	3680
0.485	3488
0.511	3616
2.889	8784
0.008	2064
0.005	2064
0.007	2064
0.007	2064
0.005	2064
0.007	2064
0.007	2064
0.005	2064
0.006	2064
0.005	2064
0.007	2096
0.005	2064
0.005	2064
0.005	2064
0.005	2064
0.006	2176
0.006	2064
0.006	2064
0.006	2064
0.007	2160
0.006	2064
0.006	2064
0.006	2064
0.006	2064
0.005	2064
0.007	2064
0.007	2064
0.006	2064
0.007	2096
0.005	2064
0.006	2064
0.007	2064
0.007	2064
0.006	2096
0.005	2064
0.005	2160
0.007	2064
0.007	2160
0.005	2096
0.006	2064
0.006	2064
0.006	2064
0.005	2064
0.005	2064
0.006	2064
0.007	2064
0.007	2064
0.006	2064
0.006	2064
0.007	2064
0.007	2064
0.005	2064
0.005	2064
0.007	2064
0.005	2064
0.006	2064
0.005	2064
0.005	2064
0.007	2064
0.007	2064
0.005	2064
0.006	2064
0.006	2064
0.007	2064
0.005	2064
0.005	2064
0.006	2128
0.006	2112
0.006	2064
0.007	2160
0.006	2064
0.006	2064
0.005	2064
0.005	2064
0.007	2064
0.007	2064
0.007	2096
0.006	2064
0.005	2064
0.006	2064
0.007	2064
0.005	2064
0.008	2176
0.006	2064
0.007	2064
0.007	2096
0.007	2064
0.007	2064
0.007	2064
0.007	2112
0.006	2064
0.005	2064
0.005	2064
0.005	2064
0.006	2064
0.007	2064
0.007	2128
0.007	2064
0.005	2208
0.007	2064
0.007	2064
0.007	2064
0.005	2064
0.007	2064
0.007	2064
0.005	2096
0.005	2064
0.005	2064
0.005	2064
0.007	2064
0.004	2064
0.004	2048
0.004	2048
0.004	2048
0.004	2048
0.004	2048
0.004	2048
0.004	2048
0.004	2048
0.004	2048
0.004	2048
0.004	2048
0.004	2048
0.004	2048
0.004	2048
0.004	2048
0.004	2048
0.004	2176
0.004	2048
0.004	2096
3.138	8768
0.004	2048
0.004	2048
0.004	2048
0.004	2048
0.004	2048
0.004	2048
0.004	2064
0.004	2048
0.004	2048
0.004	2048
0.004	2048
0.004	2048
0.004	2048
0.004	2048
0.004	2128
0.004	2048
0.004	2064
0.004	2048
0.004	2128
0.004	2048
0.004	2048
0.003	2048
0.004	2048
0.004	2048
0.004	2048
0.004	2048
0.004	2048
0.004	2048
0.004	2176
0.004	2064
0.004	2048
0.003	2048
0.003	2048
0.004	2128
0.004	2048
0.004	2048
0.004	2048
0.004	2048
0.004	2048
0.004	2048
0.004	2048
0.004	2048
0.004	2048
0.004	2048
0.004	2048
0.004	2144
0.004	2048
0.004	2048
0.004	2048
0.004	2048
0.004	2048
0.004	2128
0.004	2064
0.004	2096
0.004	2048
0.004	2048
0.004	2176
0.004	2048
0.004	2048
0.004	2048
0.004	2048
0.004	2048
0.004	2048
0.004	2048
0.004	2048
0.004	2048
0.004	2048
0.004	2048
0.004	2048
0.004	2048
0.004	2048
0.004	2048
0.004	2048
0.004	2048
0.004	2048
0.004	2064
0.004	2048
0.004	2064
2.876	9312
0.004	2048
0.004	2048
0.004	2048
0.004	2048
0.004	2048
0.004	2048
0.004	2048
0.004	2048
0.004	2048
0.004	2048
0.004	2048
0.004	2048
0.005	2064
0.004	2048
0.004	2128
0.004	2048
0.004	2048
0.003	2048
0.004	2048
0.004	2048
0.004	2048
0.004	2176
0.004	2048
0.004	2048
0.004	2048
0.004	2048
0.004	2160
0.004	2064
0.004	2048
0.004	2048
0.004	2064
0.004	2176
0.004	2048
0.002	1056
0.004	2048
0.004	2064
0.004	2128
0.004	2064
0.004	2048
0.004	2064
0.004	2048
0.004	2160
0.004	2048
0.004	2048
0.004	2064
0.004	2048
0.004	2048
0.004	2064
0.004	2128
0.004	2064
0.004	2048
0.004	2048
0.004	2064
0.004	2064
0.004	2064
0.004	2048
0.646	5072
0.004	2096
0.004	2048
0.004	2064
0.005	2064
0.004	2064
0.003	2048
1.012	5456
0.005	2128
2.979	10432
1.011	5328
0.004	2048
0.004	2048
0.003	2048
0.004	2048
0.004	2048
0.006	2064
0.004	2160
0.004	2048
0.006	2128
0.004	2064
0.004	2048
0.004	2048
2.936	10192
0.004	2048
0.004	2064
2.937	9424
1.028	5296
0.004	2048
0.004	2064
0.003	2048
0.004	2048
0.004	2048
0.004	2048
0.941	5088
0.004	2048
0.004	2064
0.004	2064
0.004	2176
0.004	2048
0.004	2048
0.004	2048
0.004	2048
0.004	2048
0.004	2048
0.004	2064
0.004	2064
0.006	2064
0.004	2128
0.004	2064
0.004	2128
1.017	5264
0.647	4032
0.004	2048
0.004	2048
0.004	2048
0.004	2048
0.003	2048
0.004	2048
0.004	2048
0.004	2048
0.004	2064
0.004	2064
0.004	2128
0.004	2048
0.004	2048
0.004	2128
0.004	2048
0.004	2176
0.004	2048
0.004	2048
0.004	2064
0.004	2048
0.004	2160
0.004	2048
0.025	2224
0.004	2048
0.032	2208
0.004	2048
0.004	2048
0.004	2176
0.004	2048
0.004	2048
0.004	2048
0.004	2048
0.004	2064
0.004	2048
0.004	2048
3.023	10080
0.004	2064
0.004	2064
0.004	2064
0.004	2048
0.004	2048
0.004	2048
0.003	2048
0.004	2064
0.004	2064
0.004	2064
0.004	2064
0.004	2064
0.004	2064
0.004	2064
0.004	2064
0.004	2048
0.004	2048
0.004	2048
0.004	2048
0.004	2048
0.004	2128
0.004	2048
0.004	2048
0.004	2064
0.004	2048
0.004	2208
0.004	2048
0.004	2048
0.004	2064
0.004	2048
0.004	2224
0.004	2048
0.005	2064
0.004	2048
0.004	2048
0.004	2048
0.004	2048
0.004	2048
0.004	2048
0.004	2064
0.997	5184
0.004	2048
0.004	2064
0.005	2208
0.004	2064
0.005	2128
0.004	2064
0.004	2048
0.004	2064
0.004	2048
0.005	2128
0.004	2048
0.004	2048
0.004	2048
0.004	2048
0.004	2128
0.004	2064
0.004	2128
0.004	2048
0.004	2048
0.004	2048
2.932	10256
0.002	1056
0.004	2048
0.004	2048
0.004	2048
0.004	2048
0.004	2048
0.004	2048
0.004	2048
0.004	2048
0.004	2048
0.004	2048
0.004	2048
0.004	2048
0.010	2192
0.004	2048
0.004	2128
0.004	2048
0.010	2144
0.004	2048
0.004	2128
0.004	2048
0.004	2064
0.004	2064
0.004	2064
0.004	2096
0.004	2064
0.004	2064
0.004	2064
0.004	2064
0.004	2064
0.004	2064
0.004	2096
0.004	2064
0.004	2064
0.004	2064
0.004	2064
0.004	2064
0.004	2064
0.004	2064
0.004	2064
0.004	2064
0.004	2176
0.004	2064
0.004	2128
0.004	2064
0.004	2064
0.004	2128
0.004	2064
0.004	2064
0.004	2064
0.004	2064
0.004	2064
0.004	2064
0.005	2064
0.004	2064
0.005	2064
0.005	2064
0.005	2064
0.004	2064
0.004	2064
0.004	2064
0.004	2064
0.004	2048
0.004	2064
0.004	2048
0.004	2064
0.004	2064
0.004	2176
0.004	2064
0.004	2064
0.004	2064
0.004	2064
0.004	2176
0.004	2064
0.004	2064
0.004	2064
0.004	2064
0.004	2064
0.004	2064
0.004	2064
0.004	2064
0.004	2064
0.004	2064
0.004	2064
0.005	2144
0.006	2208
0.004	2064
0.005	2064
0.005	2064
0.004	2064
0.004	2064
0.004	2064
0.005	2064
0.005	2064
0.005	2064
0.004	2064
0.004	2064
0.004	2064
0.005	2064
0.047	2320
0.062	2368
0.040	2432
0.077	2544
0.046	2400
0.045	2448
0.007	2080
0.007	2080
0.008	2080
0.013	2080
0.013	2192
0.008	2240
0.011	2176
0.010	2080
0.007	2064
0.007	2096
0.007	2064
0.007	2064
0.007	2064
0.013	2080
0.013	2160
0.010	2080
0.013	2080
0.014	2320
0.036	2096
0.029	2096
0.032	2096
0.015	2096
0.015	2096
0.024	2080
0.024	2096
0.024	2080
0.024	2256
0.024	2352
0.024	2080
0.004	2064
0.004	2064
0.004	2064
0.005	2064
0.004	2064
0.005	2064
0.005	2064
0.033	2128
0.004	2064
0.004	2064
0.004	2064
0.004	2128
0.004	2064
0.004	2064
0.004	2064
0.004	2064
0.004	2064
0.004	2064
0.004	2064
0.004	2064
0.004	2064
0.004	2112
0.004	2064
0.004	2064
0.004	2064
0.004	2128
0.004	2048
0.004	2048
0.004	2048
0.004	2048
0.004	2048
0.004	2048
0.004	2048
0.004	2048
0.004	2048
0.004	2048
0.004	2048
0.004	2048
0.004	2048
0.004	2048
0.004	2048
0.004	2048
0.004	2048
0.004	2048
0.004	2048
0.004	2048
0.004	2048
0.004	2048
0.004	2048
0.004	2048
0.004	2048
0.004	2048
0.004	2048
0.006	2064
0.006	2064
0.006	2064
0.006	2064
0.006	2064
0.005	2064
0.006	2064
0.006	2064
0.006	2064
0.006	2064
0.006	2128
0.006	2064
0.005	2160
0.005	2064
0.005	2064
0.006	2144
0.006	2144
0.004	2064
0.004	2128
0.004	2048
0.004	2048
0.004	2048
0.004	2048
0.004	2128
0.004	2144
0.004	2048
0.004	2048
0.006	2064
0.004	2048
0.004	2048
0.004	2048
0.004	2048
0.006	2064
0.006	2064
0.004	2048
0.004	2048
0.004	2048
0.004	2048
0.004	2048
0.004	2176
0.004	2048
0.004	2048
0.004	2128
0.004	2048
0.004	2048
0.004	2048
0.004	2048
0.004	2048
0.004	2048
0.004	2048
0.004	2048
0.004	2048
0.004	2048
0.004	2048
0.004	2048
0.004	2048
0.004	2048
0.004	2048
0.004	2048
0.004	2048
0.004	2048
0.004	2048
0.004	2048
0.004	2048
0.004	2048
0.004	2048
0.004	2048
0.004	2048
0.004	2048
0.004	2048
0.004	2048
0.004	2048
0.004	2048
0.004	2048
0.004	2048
0.004	2048
0.004	2048
0.004	2048
0.004	2048
0.004	2048
0.004	2176
0.004	2096
0.004	2064
0.004	2176
0.004	2064
0.004	2064
0.004	2064
0.004	2064
0.004	2128
0.004	2064
0.004	2064
0.004	2064
0.004	2064
0.004	2064
0.004	2064
0.005	2064
0.005	2064
0.006	2064
0.005	2064
0.005	2064
0.005	2064
0.006	2064
0.005	2064
0.005	2064
0.005	2064
0.005	2064
0.005	2064
0.005	2064
0.006	2160
0.005	2064
0.006	2064
0.005	2064
0.005	2064
0.005	2064
0.005	2096
0.005	2064
0.005	2064
0.005	2064
0.105	2464
0.120	2688
0.119	2704
0.118	2720
0.004	2064
0.004	2064
0.017	2096
0.017	2256
0.012	2096
0.012	2192
0.018	2272
0.017	2192
0.013	2176
0.013	2144
0.013	2080
0.012	2096
0.107	2608
0.106	2688
0.108	2720
0.108	2752
0.108	2608
0.108	2720
0.107	2656
0.104	2736
0.104	2496
0.106	2752
0.092	2672
0.080	2624
0.004	2064
0.004	2064
0.004	2064
0.004	2064
0.004	2064
0.004	2064
0.004	2064
0.004	2064
0.004	2128
0.004	2064
0.004	2064
0.004	2176
0.004	2064
0.004	2064
0.004	2064
0.004	2064
0.004	2064
0.004	2064
0.004	2064
0.004	2064
0.004	2128
0.004	2064
0.004	2064
0.004	2064
0.004	2064
0.004	2112
0.004	2064
0.004	2064
0.004	2064
0.004	2064
0.004	2064
0.004	2064
0.004	2064
0.004	2064
0.004	2064
0.004	2064
0.004	2064
0.004	2064
0.004	2064
0.004	2112
0.004	2064
0.004	2064
0.004	2064
0.004	2064
0.004	2064
0.004	2064
0.004	2064
0.004	2064
0.004	2064
0.004	2064
0.004	2064
0.004	2064
0.004	2064
0.004	2064
0.004	2064
0.004	2064
0.004	2064
0.004	2064
0.004	2064
0.004	2064
0.004	2064
0.004	2064
0.004	2064
0.004	2064
0.004	2064
0.004	2064
0.004	2064
0.004	2064
0.004	2064
0.004	2064
0.004	2064
0.004	2064
0.004	2064
0.004	2064
0.004	2064
0.004	2064
0.004	2064
0.004	2064
0.004	2064
0.004	2064
0.004	2064
0.004	2064
0.004	2128
0.004	2064
0.004	2064
0.004	2064
0.004	2064
0.004	2064
0.004	2064
0.004	2128
0.004	2064
0.004	2064
0.004	2064
0.004	2064
0.004	2064
0.004	2064
0.004	2128
0.004	2064
0.004	2064
0.004	2064
0.004	2064
0.004	2064
0.004	2064
0.004	2064
0.004	2064
0.004	2064
0.004	2064
0.004	2064
0.004	2160
0.004	2064
0.004	2112
0.004	2064
0.004	2064
0.004	2064
0.004	2064
0.004	2112
0.004	2064
0.004	2064
0.004	2064
0.004	2064
0.004	2064
0.004	2064
0.004	2064
0.004	2064
0.004	2128
0.004	2064
0.004	2064
0.004	2064
0.004	2064
0.004	2064
0.004	2064
0.004	2064
0.004	2064
0.004	2064
0.004	2064
0.004	2064
0.004	2064
0.004	2064
0.004	2064
0.004	2064
0.004	2064
0.004	2064
0.004	2064
0.004	2064
0.004	2064
0.004	2064
0.004	2064
0.004	2064
0.004	2064
0.004	2064
0.004	2064
0.004	2064
0.004	2128
0.004	2064
0.004	2064
0.004	2128
0.004	2064
0.004	2064
0.004	2064
0.004	2064
0.004	2064
0.004	2064
0.004	2112
0.004	2064
0.004	2096
0.004	2064
0.004	2064
0.004	2064
0.004	2064
0.004	2064
0.004	2064
0.004	2064
0.004	2064
0.004	2064
0.004	2064
0.004	2064
0.004	2064
0.004	2064
0.004	2064
0.004	2064
0.004	2064
0.004	2128
0.004	2064
0.004	2064
0.004	2064
0.004	2064
0.004	2064
0.004	2064
0.004	2096
0.004	2064
0.004	2064
0.004	2064
0.004	2064
0.005	2064
0.004	2064
0.004	2064
0.004	2064
0.004	2064
0.004	2064
0.004	2064
0.005	2176
0.005	2064
0.004	2064
0.005	2064
0.004	2064
0.004	2064
0.004	2064
0.004	2064
0.005	2064
0.005	2064
0.004	2064
0.004	2064
0.004	2064
0.004	2064
0.005	2064
0.005	2064
0.004	2064
0.004	2064
0.004	2064
0.004	2064
0.004	2064
0.004	2064
0.004	2064
0.005	2064
0.004	2064
0.004	2128
0.004	2064
0.004	2064
0.004	2064
0.004	2064
0.004	2064
0.004	2064
0.004	2144
0.004	2064
0.004	2064
0.004	2064
0.004	2064
0.004	2064
0.004	2064
0.004	2064
0.004	2064
0.004	2112
0.004	2064
0.004	2064
0.004	2064
0.005	2064
0.004	2064
0.005	2064
0.004	2064
0.004	2064
0.004	2064
0.004	2064
0.020	2352
0.006	2064
0.004	2064
0.004	2064
0.004	2064
0.004	2064
0.004	2112
0.004	2064
0.004	2064
0.004	2064
0.004	2064
0.004	2064
0.004	2064
0.004	2064
0.004	2064
0.004	2064
0.004	2064
0.004	2064
0.004	2064
0.004	2064
0.004	2064
0.004	2064
0.004	2064
0.004	2064
0.004	2064
0.004	2064
0.004	2064
0.004	2064
0.004	2064
0.004	2064
0.004	2064
0.004	2064
0.004	2064
0.005	2064
0.004	2064
0.004	2064
0.004	2064
0.004	2064
0.005	2112
0.004	2064
0.004	2064
0.004	2064
0.004	2064
0.004	2064
0.004	2176
0.004	2064
0.004	2064
0.004	2064
0.004	2064
0.004	2064
0.004	2064
0.004	2096
0.004	2064
0.004	2064
0.004	2064
0.004	2064
0.004	2128
0.004	2064
0.004	2064
0.004	2064
0.004	2064
0.004	2064
0.004	2064
0.004	2112
0.004	2064
0.004	2064
0.004	2064
0.004	2064
0.004	2176
0.004	2064
0.004	2064
0.004	2064
0.004	2064
0.004	2064
0.004	2112
0.004	2064
0.004	2064
0.004	2064
0.004	2064
0.004	2064
0.004	2064
0.004	2064
0.004	2064
0.004	2064
0.004	2064
0.004	2064
0.004	2064
0.004	2064
0.004	2064
0.004	2064
0.004	2064
0.004	2064
0.004	2064
0.004	2064
0.004	2064
0.004	2064
0.004	2064
0.004	2064
0.004	2064
0.004	2064
0.004	2064
0.005	2064
0.004	2064
0.004	2064
0.004	2064
0.004	2064
0.005	2064
0.004	2064
0.004	2064
0.004	2192
0.005	2064
0.005	2096
0.005	2064
0.005	2064
0.005	2064
0.004	2064
0.004	2064
0.005	2192
0.005	2064
0.005	2144
0.004	2064
0.004	2064
0.004	2064
0.004	2064
0.004	2176
0.004	2064
0.004	2064
0.004	2064
0.004	2064
0.004	2064
0.004	2064
0.004	2064
0.004	2064
0.004	2064
0.004	2064
0.004	2064
0.005	2064
0.005	2064
0.004	2064
0.004	2064
0.004	2064
0.004	2064
0.004	2064
0.004	2064
0.004	2144
0.004	2064
0.004	2064
0.004	2112
0.004	2064
0.004	2064
0.004	2064
0.004	2064
0.004	2064
0.004	2064
0.004	2064
0.004	2064
0.004	2064
0.004	2064
0.004	2064
0.004	2064
0.004	2064
0.004	2064
0.004	2064
0.004	2064
0.004	2064
0.004	2064
0.004	2064
0.004	2064
0.004	2064
0.004	2064
0.004	2064
0.004	2064
0.004	2064
0.004	2064
0.004	2064
0.004	2064
0.004	2064
0.004	2064
0.004	2064
0.004	2064
0.004	2064
0.004	2064
0.004	2064
0.004	2064
0.004	2064
0.004	2064
0.004	2064
0.004	2064
0.004	2064
0.004	2064
0.004	2096
0.004	2064
0.004	2064
0.004	2064
0.004	2064
0.004	2112
0.004	2064
0.004	2112
0.004	2064
0.004	2064
0.004	2064
0.004	2064
0.004	2112
0.004	2064
0.004	2064
0.004	2064
0.004	2064
0.004	2064
0.006	2112
0.004	2064
0.004	2096
0.004	2064
0.004	2064
0.004	2064
0.004	2064
0.004	2208
0.004	2064
0.004	2064
0.004	2064
0.004	2064
0.004	2064
0.004	2064
0.004	2064
0.004	2064
0.004	2064
0.004	2064
0.004	2064
0.004	2064
0.004	2064
0.004	2128
0.004	2064
0.004	2064
0.004	2064
0.004	2064
0.004	2064
0.004	2064
0.004	2064
0.004	2064
0.004	2064
0.004	2064
0.004	2064
0.004	2064
0.004	2064
0.004	2064
0.004	2064
0.004	2064
0.004	2064
0.004	2064
0.004	2064
0.004	2064
0.004	2128
0.004	2064
0.004	2064
0.004	2128
0.004	2064
0.004	2064
0.005	2064
0.005	2064
0.005	2064
0.005	2064
0.005	2064
0.005	2064
0.005	2064
0.004	2064
0.005	2112
0.005	2064
0.005	2064
0.004	2064
0.004	2064
0.004	2064
0.004	2064
0.004	2128
0.004	2064
0.004	2064
0.004	2064
0.004	2064
0.004	2176
0.004	2064
0.004	2064
0.004	2064
0.004	2064
0.005	2112
0.004	2064
0.005	2144
0.005	2064
0.004	2144
0.004	2064
0.004	2064
0.004	2064
0.004	2064
0.004	2176
0.004	2064
0.004	2064
0.004	2064
0.004	2064
0.004	2064
0.004	2064
0.004	2128
0.004	2064
0.004	2064
0.004	2064
0.004	2064
0.004	2064
0.004	2064
0.004	2064
0.004	2064
0.004	2064
0.004	2064
0.004	2064
0.004	2064
0.004	2064
0.004	2064
0.004	2064
0.004	2064
0.004	2064
0.004	2064
0.004	2064
0.004	2064
0.004	2064
0.004	2064
0.004	2064
0.004	2064
0.004	2064
0.004	2144
0.004	2192
0.004	2064
0.004	2112
0.004	2064
0.004	2208
0.004	2064
0.004	2064
0.004	2064
0.004	2064
0.004	2064
0.005	2064
0.005	2064
0.005	2064
0.005	2064
0.005	2064
0.031	2096
0.019	2080
0.005	2064
0.004	2064
0.032	2224
0.006	2064
0.004	2064
0.023	2192
0.022	2256
0.024	2080
0.038	2112
0.023	2080
0.023	2096
0.023	2096
0.019	2080
0.031	2096
0.017	2208
0.024	2176
0.005	2064
0.019	2336
0.020	2208
0.008	2112
0.019	2176
0.029	2192
0.016	2208
0.030	2208
0.015	2080
0.015	2176
0.025	2096
0.019	2240
0.019	2160
0.020	2096
0.017	2080
0.019	2080
0.031	2240
0.005	2064
0.005	2064
0.005	2064
0.005	2064
0.005	2064
0.005	2064
0.005	2064
0.008	2080
0.005	2064
0.026	2096
0.022	2272
0.005	2224
0.019	2144
0.025	2096
0.005	2064
0.005	2064
0.005	2064
0.005	2064
0.021	2080
0.022	2096
0.022	2096
0.021	2208
0.022	2304
0.019	2192
0.024	2352
0.006	2064
0.015	2272
0.015	2304
0.065	2368
0.026	2096
0.005	2064
0.016	2080
0.006	2064
0.006	2064
0.020	2192
0.006	2128
0.020	2304
0.020	2256
0.005	2064
0.006	2064
0.005	2064
0.005	2064
0.023	2208
0.018	2080
0.017	2080
0.015	2112
0.031	2208
0.024	2080
0.028	2240
0.028	2112
0.007	2080
0.005	2064
0.005	2064
0.005	2064
0.008	2064
0.005	2064
0.035	2096
0.035	2096
0.005	2064
0.020	2112
0.026	2080
0.016	2256
0.005	2064
0.006	2064
0.004	2128
0.016	2224
0.025	2144
0.035	2352
0.035	2240
0.021	2080
0.030	2224
0.035	2336
0.035	2304
0.024	2080
0.036	2096
0.018	2160
0.007	2064
0.020	2080
0.004	2064
0.018	2080
0.018	2080
0.022	2080
0.021	2080
0.036	2464
0.005	2064
0.005	2144
0.023	2240
0.023	2096
0.005	2064
0.025	2224
0.005	2064
0.007	2080
0.019	2224
0.005	2064
0.005	2064
0.004	2064
0.005	2064
0.005	2064
0.032	2208
0.021	2240
0.025	2224
0.006	2208
0.005	2064
0.005	2064
0.021	2176
0.026	2256
0.026	2208
0.033	2224
0.022	2080
0.023	2080
0.037	2400
0.022	2288
0.023	2192
0.018	2192
0.065	2480
0.058	2368
0.059	2416
0.004	2064
0.005	2064
0.005	2064
0.006	2064
0.006	2064
0.027	2272
0.024	2080
0.026	2208
0.005	2064
0.025	2224
0.018	2144
0.018	2096
0.020	2080
0.019	2208
0.026	2288
0.022	2080
0.020	2080
0.019	2176
0.010	2080
0.039	2096
0.035	2096
0.030	2208
0.019	2080
0.022	2080
0.022	2080
0.022	2208
0.014	2144
0.017	2240
0.023	2208
0.029	2304
0.026	2096
0.005	2064
0.004	2064
0.005	2064
0.005	2064
0.019	2176
0.023	2208
0.043	2224
0.005	2160
0.019	2272
0.020	2224
0.023	2240
0.019	2080
0.031	2096
0.019	2080
0.019	2080
0.020	2080
0.005	2064
0.024	2080
0.025	2080
0.005	2064
0.005	2064
0.005	2176
0.004	2064
0.004	2144
0.004	2064
0.005	2096
0.004	2064
0.004	2064
0.004	2064
0.004	2064
0.004	2064
0.005	2064
0.005	2064
0.005	2064
0.005	2144
0.019	2176
0.005	2064
0.017	2080
0.005	2064
0.005	2144
0.005	2064
0.014	2080
0.005	2208
0.024	2240
0.026	2400
0.023	2256
0.036	2240
0.022	2240
0.021	2080
0.026	2096
0.005	2064
0.005	2064
0.007	2064
0.029	2096
0.031	2224
0.023	2448
0.023	2416
0.006	2064
0.005	2064
0.024	2080
0.025	2160
0.014	2096
0.036	2096
0.005	2096
0.041	2112
0.040	2416
0.021	2176
0.020	2160
0.022	2224
0.023	2160
0.019	2208
0.035	2224
0.022	2144
0.005	2064
0.022	2224
0.005	2064
0.005	2064
0.005	2064
0.004	2064
0.005	2064
0.005	2064
0.005	2064
0.024	2080
0.042	2096
0.042	2256
0.021	2080
0.005	2064
0.025	2080
0.025	2080
0.034	2336
0.005	2064
0.005	2064
0.005	2064
0.071	2656
0.085	2784
0.071	2592
0.065	2352
0.044	2464
0.070	2416
0.071	2608
0.071	2400
0.086	2512
0.005	2064
0.005	2064
0.018	2112
0.019	2176
0.020	2224
0.018	2256
0.005	2064
0.005	2064
0.005	2064
0.007	2176
0.018	2080
0.018	2176
0.005	2064
0.005	2064
0.005	2192
0.004	2064
0.005	2096
0.020	2208
0.005	2064
0.004	2064
0.022	2080
0.022	2160
0.021	2192
0.004	2064
0.005	2064
0.004	2064
0.019	2144
0.029	2096
0.022	2176
0.022	2080
0.017	2080
0.021	2320
0.005	2064
0.021	2080
0.015	2160
0.017	2160
0.020	2176
0.006	2112
0.033	2128
0.033	2272
0.006	2160
0.005	2064
0.032	2224
0.024	2208
0.014	2176
0.018	2256
0.025	2400
0.024	2272
0.036	2112
0.005	2064
0.018	2176
0.018	2080
0.026	2096
0.020	2080
0.005	2064
0.005	2064
0.005	2064
0.005	2064
0.005	2064
0.019	2080
0.019	2080
0.005	2064
0.005	2176
0.004	2064
0.005	2064
0.005	2064
0.018	2128
0.005	2064
0.005	2128
0.016	2080
0.016	2176
0.005	2064
0.038	2224
0.019	2320
0.039	2432
0.023	2080
0.023	2240
0.024	2192
0.023	2080
0.023	2176
0.119	2256
0.004	2064
0.046	2512
0.052	2512
0.052	2560
0.023	2096
0.004	2048
0.027	2224
0.038	2304
0.055	2416
0.054	2528
0.053	2352
0.054	2352
0.046	2432
0.046	2208
0.034	2208
0.028	2096
0.028	2096
0.033	2096
0.042	2352
0.041	2272
0.055	2128
0.017	2192
0.051	2208
0.016	2192
0.016	2224
0.024	2096
0.025	2448
0.051	2336
0.044	2464
0.044	2448
0.042	2384
0.024	2256
0.010	2080
0.030	2224
0.026	2240
0.029	2320
0.026	2096
0.026	2192
0.030	2256
0.040	2112
0.047	2128
0.035	2112
0.026	2096
0.026	2096
0.022	2240
0.067	2432
0.066	2432
0.040	2256
0.050	2352
0.033	2208
0.032	2192
0.035	2336
0.063	2528
0.041	2304
0.067	2432
0.058	2416
0.038	2288
0.036	2336
0.032	2208
0.050	2320
0.052	2416
0.051	2400
0.022	2176
0.039	2192
0.034	2352
0.057	2448
0.057	2352
0.027	2256
0.028	2384
0.028	2320
0.038	2240
0.052	2512
0.028	2096
0.028	2256
0.030	2304
0.050	2256
0.035	2224
0.022	2208
0.042	2416
0.037	2208
0.034	2096
0.035	2192
0.040	2224
0.041	2192
0.046	2336
0.054	2128
0.019	2080
0.039	2128
0.048	2416
0.037	2320
0.038	2336
0.048	2480
0.049	2240
0.036	2240
0.037	2320
0.037	2224
0.037	2320
0.034	2240
0.059	2256
0.040	2304
0.034	2096
0.028	2336
0.045	2416
0.036	2336
0.037	2336
0.054	2384
0.054	2544
0.054	2448
0.035	2320
0.036	2224
0.049	2416
0.056	2272
0.056	2416
0.056	2240
0.023	2096
0.035	2512
0.032	2224
0.037	2208
0.057	2352
0.045	2224
0.031	2112
0.030	2384
0.031	2208
0.025	2304
0.046	2320
0.034	2096
0.027	2192
0.018	2112
0.015	2096
0.037	2304
0.038	2112
0.040	2144
0.017	2080
0.025	2128
0.026	2096
0.042	2112
0.024	2256
0.024	2256
0.025	2208
0.033	2144
0.041	2528
0.031	2208
0.028	2304
0.035	2256
0.024	2336
0.024	2096
0.043	2208
0.022	2096
0.018	2080
0.017	2240
0.017	2096
0.037	2112
0.024	2240
0.031	2416
0.027	2176
0.021	2080
0.030	2224
0.030	2192
0.047	2336
0.043	2304
0.034	2224
0.032	2096
0.024	2112
0.016	2160
0.008	2080
0.034	2096
0.017	2080
0.017	2080
0.025	2096
0.033	2560
0.032	2384
0.027	2256
0.025	2192
0.054	2240
0.011	2080
0.018	2208
0.056	2432
0.033	2208
0.015	2080
0.022	2176
0.021	2368
0.045	2304
0.017	2096
0.009	2080
0.029	2096
0.027	2256
0.044	2288
0.030	2288
0.039	2224
0.038	2096
0.039	2160
0.039	2096
0.031	2112
0.026	2096
0.025	2080
0.029	2240
0.029	2448
0.073	2528
0.073	2544
0.022	2192
0.037	2272
0.028	2224
0.028	2192
0.028	2208
0.027	2176
0.039	2416
0.044	2336
0.048	2272
0.044	2112
0.050	2432
0.025	2128
0.025	2224
0.041	2480
0.035	2256
0.049	2352
0.049	2304
0.054	2528
0.028	2160
0.053	2400
0.053	2240
0.053	2400
0.053	2320
0.055	2640
0.022	2176
0.042	2416
0.020	2176
0.030	2192
0.033	2208
0.032	2208
0.033	2256
0.033	2224
0.038	2256
0.004	2064
0.045	2432
0.026	2208
0.027	2096
0.006	2064
0.017	2080
0.046	2304
0.022	2256
0.040	2320
0.004	2128
0.040	2336
0.039	2208
0.053	2352
0.026	2208
0.026	2096
0.038	2368
0.036	2224
0.028	2208
0.032	2208
0.037	2192
0.032	2240
0.055	2288
0.055	2352
0.034	2224
0.034	2336
0.034	2256
0.024	2224
0.035	2240
0.037	2192
0.045	2128
0.028	2352
0.033	2240
0.059	2128
0.023	2096
0.023	2096
0.048	2240
0.047	2288
0.048	2448
0.023	2192
0.034	2224
0.048	2128
0.035	2112
0.025	2192
0.026	2224
0.025	2368
0.026	2144
0.037	2224
0.038	2320
0.026	2192
0.026	2224
0.037	2336
0.026	2112
0.026	2112
0.026	2112
0.039	2128
0.039	2128
0.030	2096
0.023	2112
0.037	2192
0.053	2448
0.055	2496
0.028	2224
0.034	2304
0.033	2304
0.075	2496
0.032	2096
0.033	2272
0.029	2320
0.043	2240
0.030	2224
0.047	2112
0.037	2224
0.042	2240
0.050	2272
0.040	2240
0.067	2480
0.051	2304
0.051	2336
0.056	2432
0.065	2480
0.065	2512
0.037	2400
0.037	2240
0.037	2256
0.060	2272
0.059	2448
0.036	2544
0.080	2416
0.078	2496
0.037	2304
0.036	2208
0.048	2336
0.049	2256
0.037	2224
0.050	2528
0.037	2384
0.027	2208
0.046	2432
0.065	2464
0.058	2288
0.058	2576
0.056	2272
0.037	2320
0.051	2464
0.036	2208
0.039	2240
0.037	2560
0.044	2272
0.029	2240
0.021	2176
0.045	2336
0.029	2288
0.029	2208
0.029	2272
0.029	2128
0.029	2240
0.030	2112
0.027	2112
0.029	2112
0.039	2128
0.033	2272
0.029	2160
0.032	2224
0.032	2256
0.021	2192
0.031	2288
0.031	2256
0.041	2256
0.052	2416
0.050	2320
0.031	2096
0.035	2352
0.061	2336
0.062	2288
0.043	2544
0.044	2320
0.047	2288
0.030	2224
0.028	2096
0.034	2304
0.039	2240
0.026	2208
0.072	2368
0.054	2432
0.010	2160
0.047	2512
0.033	2368
0.040	2320
0.039	2240
0.022	2272
0.027	2176
0.057	2384
0.039	2352
0.046	2128
0.036	2224
0.064	2432
0.022	2144
0.013	2176
0.025	2240
0.014	2208
0.017	2208
0.028	2096
0.028	2192
0.051	2368
0.051	2240
0.041	2368
0.035	2192
0.022	2096
0.022	2176
0.024	2192
0.035	2224
0.034	2304
0.025	2384
0.041	2304
0.031	2096
0.044	2112
0.057	2144
0.061	2128
0.089	2960
0.037	2384
0.027	2256
0.032	2256
0.027	2320
0.031	2240
0.030	2208
0.031	2256
0.028	2176
0.027	2144
0.020	2160
0.050	2256
0.034	2112
0.039	2128
0.022	2224
0.050	2336
0.049	2256
0.008	2112
0.004	2064
0.005	2064
0.026	2192
0.056	2448
0.026	2304
0.014	2208
0.021	2096
0.022	2368
0.022	2096
0.019	2256
0.014	2096
0.024	2256
0.023	2272
0.018	2176
0.027	2096
0.029	2304
0.027	2208
0.025	2240
0.029	2192
0.029	2080
0.029	2096
0.050	2128
0.048	2112
0.063	2512
0.029	2208
0.038	2240
0.039	2400
0.039	2272
0.035	2320
0.039	2336
0.039	2208
0.039	2416
0.006	2064
0.027	2272
0.020	2144
0.026	2096
0.026	2096
0.041	2112
0.038	2096
0.025	2096
0.026	2096
0.026	2176
0.025	2304
0.026	2256
0.039	2096
0.026	2096
0.027	2256
0.023	2304
0.034	2208
0.029	2224
0.033	2368
0.019	2080
0.021	2240
0.074	2320
0.074	2352
0.040	2336
0.040	2240
0.040	2192
0.039	2224
0.040	2320
0.040	2288
0.040	2208
0.034	2192
0.040	2096
0.040	2096
0.040	2096
0.035	2304
0.035	2320
0.026	2304
0.026	2128
0.027	2208
0.054	2352
0.057	2240
0.061	2512
0.034	2256
0.048	2224
0.049	2336
0.025	2176
0.042	2496
0.035	2112
0.025	2208
0.025	2096
0.025	2096
0.024	2176
0.025	2336
0.025	2144
0.033	2352
0.026	2192
0.031	2240
0.030	2096
0.029	2096
0.032	2192
0.053	2112
0.025	2256
0.044	2528
0.049	2352
0.065	2512
0.017	2128
0.013	2208
0.013	2176
0.065	2304
0.015	2224
0.063	2512
0.015	2208
0.017	2208
0.045	2320
0.062	2560
0.052	2416
0.053	2368
0.045	2336
0.056	2480
0.056	2320
0.042	2496
0.036	2240
0.048	2368
0.049	2384
0.045	2400
0.023	2176
0.023	2096
0.045	2272
0.025	2192
0.050	2272
0.017	2336
0.015	2080
0.016	2080
0.015	2176
0.014	2080
0.014	2192
0.031	2240
0.036	2256
0.032	2368
0.034	2224
0.033	2208
0.020	2256
0.020	2176
0.020	2240
0.024	2080
0.023	2096
0.024	2080
0.025	2096
0.025	2080
0.025	2096
0.035	2112
0.035	2256
0.034	2416
0.035	2320
0.035	2224
0.023	2160
0.024	2192
0.025	2096
0.021	2192
0.023	2208
0.035	2256
0.020	2096
0.043	2112
0.034	2240
0.024	2096
0.015	2096
0.064	2320
0.013	2080
0.004	2064
0.038	2352
0.034	2320
0.034	2272
0.034	2272
0.035	2208
0.020	2240
0.034	2096
0.026	2336
0.026	2208
0.026	2288
0.027	2096
0.038	2096
0.038	2096
0.038	2096
0.019	2176
0.028	2416
0.041	2304
0.011	2080
0.021	2176
0.011	2240
0.022	2176
0.038	2128
0.019	2160
0.023	2096
0.049	2336
0.034	2128
0.010	2080
0.034	2144
0.035	2400
0.028	2224
0.055	2304
0.041	2240
0.055	2384
0.005	2112
0.027	2192
0.008	2064
0.010	2080
0.004	2064
0.016	2096
0.044	2352
0.062	2400
0.048	2128
0.048	2352
0.031	2224
0.006	2080
0.034	2384
0.053	2384
0.039	2240
0.028	2304
0.054	2512
0.019	2080
0.019	2176
0.019	2144
0.018	2192
0.039	2496
0.062	2400
0.037	2400
0.062	2512
0.035	2544
0.032	2192
0.027	2240
0.027	2288
0.027	2288
0.035	2224
0.035	2208
0.027	2208
0.035	2240
0.027	2176
0.032	2368
